3027
-2688
-2937
-692
-2730
-3350
-836
-394
-2666
-4579
-3990
-3260
974
1762
-1008
-1893
-2114
-3312
-5077
-4029
-1053
-2440
-2531
-998
1489
-536
1769
1311
-2186
121
2790
-915
-1821
1808
913
1919
3339
4446
3051
5470
3920
4804
-1498
207
-1429
-4771
-2309
-1681
-4911
-5458
-3441
-4098
-2906
-821
-4545
-2322
-2749
-4359
-3439
-5105
-5877
-3365
596
1320
-1134
-3747
-3086
-1889
-5339
-4607
-2080
-252
-1595
-791
-1792
428
-27
1609
1348
1549
1018
96
3256
1830
-1126
2764
4591
2938
-1251
-3717
-563
2172
-2096
-2314
-144
1067
-1376
-1725
688
-468
-687
-578
-1235
-1338
502
-3954
-5214
-2351
-1805
373
-680
-4615
-2472
-3450
-3506
-1759
487
2212
1004
-1975
-2231
820
1803
413
331
567
1845
983
563
3269
3086
781
-1052
1356
1316
-772
-3335
439
294
-3712
1599
1245
-448
-2786
783
-2775
-3073
-3273
-4127
-1279
-4140
-4127
-3711
-2899
-2595
-1018
-1050
332
-68
695
-1107
-343
-109
1148
-986
-178
-3678
-3103
-55
-1550
150
2067
-922
3224
5904
487
814
3785
2603
4041
5442
2734
3557
3493
-507
1349
4240
933
1756
278
-755
-348
-4756
933
662
815
715
136
-199
-1183
-987
890
-676
-28
2867
1166
-4208
-1347
88
-2111
52
967
-430
-13
-354
-1928
1409
3817
-1610
-23
1777
2866
526
-844
944
-387
-121
5706
4278
647
1179
137
-1831
2169
1904
2116
799
-1122
-1703
-1725
-986
684
-69
-1430
2724
2191
1418
668
-38
1914
248
1558
1552
3232
360
2158
-339
-1174
-263
777
-594
-2704
-1139
144
919
2633
2615
3828
2736
1090
-1147
-2056
168
1492
1555
1909
844
-1397
-693
2060
421
-840
403
-373
-2062
-2873
-966
-2234
-2991
-5228
-5286
-2897
-1291
-1694
-2911
-783
1271
1193
-2420
-668
2111
307
-2599
-774
1707
-80
1131
-1513
553
-1346
-209
1948
1495
2844
1527
-1740
150
266
1717
1045
1965
-90
1240
1617
-888
-975
1430
1179
1301
1542
504
-104
329
-1284
-1676
574
500
1909
-2165
-1202
-1870
-4211
-3415
418
1178
881
914
2490
1034
1551
1570
3232
4460
2266
3085
4117
4181
1450
4120
6937
4297
6029
4564
4678
3655
4119
4051
4207
5118
6139
3069
5168
2541
2221
4853
649
-395
370
1308
-2706
-3572
-2166
-891
-1599
-1281
-375
-1961
-4029
-3991
-1384
2749
-333
2023
1835
1663
240
761
5380
4157
1516
559
966
2911
1389
2112
2870
1607
5696
2537
4183
4534
3232
1533
1801
3336
1484
1689
-1528
-943
664
2744
2344
2525
-20
2765
2175
909
-1711
-3294
-1560
-3620
2017
-2741
-3839
241
-3862
-5665
-4657
593
-2687
-4170
364
-1057
-4401
-2478
-1412
-260
451
592
-71
-2781
-2111
-776
8
-464
3169
1248
91
171
-2457
3008
3979
801
3088
2922
570
-1482
-2162
-344
-1134
-1161
1237
882
-2189
-3916
-4554
-4498
-3931
-5279
-3332
-4418
-8340
-7498
-4071
-3436
-4851
-4467
-4622
-3154
-2647
-4150
-2832
-2552
-3291
-5890
-7724
-3964
-4135
-1841
-3288
-2536
-1979
-4152
-3219
-5568
-3159
122
-1929
-2786
-2793
-2326
-1287
-1643
-1967
-4139
-3854
-2118
-1852
-4001
-4651
-3078
-6245
-4244
-3521
-4140
-3754
-2583
-4204
-5097
-3517
-4982
-5500
-4156
-4117
-4324
-2264
-2823
-2241
-3437
-4527
953
-1332
-3168
-2847
-3243
-3546
-2092
-745
-448
-429
967
-643
-827
-973
854
-1090
-2939
-2254
-994
-1149
-3155
-2389
-2545
-2711
-794
1365
13
-939
-2277
-2575
-2521
-1887
-1642
-2838
-4329
-2756
793
-634
-3725
-1350
761
-1227
-1145
-1664
-774
1123
-1638
-2258
1945
1395
1506
2767
-31
255
-1609
-1014
-886
-3466
43
-2028
2950
1541
2695
2874
534
5959
2815
-2250
2231
1228
-306
2649
1435
673
-1130
325
853
206
610
-1396
-2225
-761
547
1073
5025
3085
3194
1603
-279
3608
3785
3402
4725
6912
4968
2967
2482
1748
2197
5080
7273
3169
1525
1199
986
3731
4960
5824
2936
2665
2729
3796
3258
1364
3302
4699
5543
3554
3850
3029
1421
-202
3281
5436
4521
4367
5850
6708
3697
4012
6252
3920
2666
2457
2488
1004
1722
2173
460
4589
7525
6198
3789
2954
4470
4916
3683
5406
8973
5607
5007
2585
4148
4721
6006
3524
3239
4530
-2610
-841
448
481
-413
-1954
2959
1587
-1254
176
238
555
-461
799
114
-3341
-3823
-3160
-1859
-1494
-916
1251
-600
-309
-3227
-2567
-4734
-3898
-2647
-1444
-1209
-2461
376
920
-713
-965
1054
2741
978
2177
1301
709
-842
1064
951
2261
1224
1803
-16
-543
-173
-950
-2457
56
254
-2455
-3803
-4005
-2869
-3664
-3346
-3954
-2722
-5611
-5886
-2291
-3241
-2989
469
-1522
-1603
1448
1544
-1884
-127
2547
-1037
-1517
390
-1256
-1499
-1485
567
-588
-2184
-1539
542
2171
-1100
-36
-1740
936
490
-746
3741
4378
582
3532
6080
3621
4066
1679
-500
-564
367
-441
-712
-366
468
1495
330
-359
-354
1580
213
-2205
198
-10
-2448
-3308
-3115
-670
3077
2513
-926
-682
2236
3401
1938
3393
3389
2824
2520
3403
3218
1343
2973
3906
3756
2228
1994
1559
-288
2593
800
-1565
1000
66
-684
-1620
1405
1213
-564
-1131
347
1635
925
447
-1856
2373
3026
1161
-16
2570
988
-1448
-227
-951
-534
-325
1449
-449
-15
408
-351
5552
4815
1937
3410
1463
1251
4288
4538
2926
4633
3782
4321
2673
1770
3005
2886
2948
4540
4838
2841
-185
1468
412
-2062
1719
2545
3212
1329
-1585
-2432
-744
-2945
-2185
-1800
-505
2334
2050
3036
2852
-914
2071
2170
497
2466
-377
2527
4410
-48
3307
1729
-579
1165
2459
1313
655
2984
1577
-765
-3218
-3342
-2610
-1979
-2779
80
1960
2292
-2607
-1059
-3489
-519
-903
-6035
-4486
-4632
-1543
-4141
-4004
-1217
-3907
-2412
-3381
-4977
-5165
-1367
-4136
-2108
575
1569
-291
50
2933
1945
412
3239
4467
-1059
65
-516
-2385
-3277
-1426
1310
-405
-82
-6061
-5036
-7636
-5222
-3203
-2844
-2463
-2626
-5935
-4570
-5271
-5309
-4824
-2220
-3026
-6851
-6507
-4823
-6502
-3411
-1891
-2074
-1867
-5334
-2159
-3310
-1071
-1609
-3117
388
-1872
-1829
-2168
-818
-4045
27
-1243
768
2774
1813
86
-1046
-423
309
976
-392
3809
1179
-1754
-2533
-608
-2498
-3499
152
-2101
-2201
-3043
-8083
-3646
-2425
-4863
-7561
-6087
-6024
-3631
-3730
-3812
-3109
-4361
-1588
-1595
-2241
-3949
-1541
-2435
-2688
-4869
-3008
-1991
-4312
1242
-1686
-456
679
509
173
139
586
2553
2416
-887
1836
224
5200
1951
1232
-2485
-2912
-1558
-4057
-4803
-2630
-2645
-1074
1351
-2531
632
-1944
-1506
1805
-2656
-2644
-2697
606
-2721
-1365
986
-5127
-2254
-2259
-1387
-652
-1152
761
-2487
1961
364
1095
2355
2119
-1660
3500
3211
4160
5571
1802
1820
-1845
466
872
2535
1986
105
-31
-874
-3162
-1195
-1760
-2474
764
570
-2501
-450
177
-168
1304
-150
2395
3196
-692
1612
1466
-2515
-1691
-3585
-3074
-1444
-2502
-2266
-873
-1207
-1364
280
688
-1103
-3007
1316
2869
3542
1091
3304
1605
3028
970
1547
2121
3658
4252
2600
-1858
-2465
2034
1937
1322
1921
3958
2144
652
192
-906
-221
-383
-1248
-915
-477
1034
2428
3990
1248
1189
1970
1007
-3230
1661
3325
-697
-1254
2448
879
-87
-414
2535
3374
792
2896
6288
2888
4777
1710
-78
1132
1211
2879
3339
3583
2622
1399
3843
2517
2099
1863
3691
4358
-1678
-883
-673
-2234
83
779
16
3215
3189
-1476
162
1408
3206
3783
3766
2121
2611
2992
-1231
2275
2691
2046
705
2221
536
3028
1008
977
3512
2034
-651
1756
2208
-2538
-872
1193
1410
-154
-916
2137
235
-391
1291
-523
-2748
-737
3362
2103
-1573
-1042
-2785
-2992
-667
2906
-1256
-3148
-3651
-2323
-2548
-1356
221
-730
1472
-556
460
2763
1097
-814
-2387
3754
3942
-474
241
-747
793
1990
4775
5162
2042
-423
224
2549
3281
1794
3896
745
-1897
579
1478
1062
-99
-773
995
-1669
226
1870
-121
-3891
-5609
-1852
-822
-1420
-1361
274
-2031
-3528
-1376
1153
3899
4607
2899
1603
3902
3220
2823
2174
3012
1327
1507
2215
1865
4111
600
3624
3001
3467
3999
3689
3960
5677
5861
3056
3481
789
2290
1521
2541
1563
141
-901
657
-1141
-4451
-5676
-4284
-3025
-3509
-1139
-1080
-2802
-3690
-1828
-301
-541
-779
-405
-2765
-1299
-264
2404
1289
-949
723
2544
1732
408
-681
537
1017
1555
239
2210
1322
-477
1521
2214
4108
5745
5494
6823
3737
3088
2163
-974
-602
-1790
3371
237
-2774
-1941
-2861
-1914
-3393
-481
-2621
-3459
157
1652
-1762
-596
-943
-1135
-3788
-4104
-1621
-4975
-3111
-6749
-4034
-5567
-6052
-4271
-3869
-1436
-13
-1064
1698
434
713
2728
-711
-2512
-1397
2764
2865
667
804
1279
-1124
-1127
-567
495
-2355
-2537
-2068
-231
-1823
-4275
-3165
-3934
-1551
-4021
-3167
-4521
-6264
-3816
-2819
-2531
-3768
-2339
-4655
-8397
-9571
-6250
-3403
-4852
-6657
-6886
-1163
-776
-4964
-2981
-4149
-708
2677
-810
1235
764
817
-721
-891
1538
25
1836
3298
1085
82
-904
-602
-1114
-2643
-999
-1132
-3259
-2093
-970
-924
-1587
-2832
-879
-361
-56
-939
-2103
-3121
-2951
-1452
-1710
-48
-2419
-2153
-968
-2720
394
1488
1462
527
-1028
-1717
1647
41
-1554
-3720
-203
-238
-2591
-1475
-1904
408
-1894
-3353
-429
-379
1025
1226
-507
1081
1376
1197
540
591
-1458
1138
2742
-443
782
-535
560
3548
4172
995
3339
5944
4864
4899
5012
3392
2122
1717
727
2544
-360
-362
4019
3011
-423
3653
292
-155
3557
4315
2727
866
2981
1194
485
-359
-265
3199
3684
-1007
2721
3487
3302
3498
-675
-53
1223
759
1949
3838
2793
1534
1212
524
1559
3934
3613
1412
1093
3483
2686
986
603
1175
-2021
1695
-245
-218
4952
4272
1851
4097
5731
5648
1884
3466
1652
2469
4932
3594
-201
-2774
-1243
-129
-930
-292
14
-711
-2951
-169
-1716
-4817
-2731
-2493
-3673
-1015
-1165
-1625
-5486
-6125
-3617
-2884
-2900
-2221
426
515
2837
-552
86
-420
-1942
1113
302
3426
-198
-334
1801
2819
2716
4284
4279
4719
6161
3801
3967
1597
1681
2278
714
990
1697
2152
-1293
423
1489
36
-983
-977
-2753
-1228
1041
-176
-1181
-957
172
-2185
297
-603
-4578
-1652
-623
1329
-1179
-1456
1383
2265
358
1107
5328
1254
158
-538
1582
4383
1451
1563
142
789
-1845
766
2352
-769
281
2354
717
-67
1277
-1298
-1534
-766
2684
855
-5688
-1117
626
132
-2066
-742
-1806
-2433
-830
-1514
-985
-2391
460
-1623
-2906
-79
-1487
-2778
-2936
-1636
-1150
-2009
-1369
-473
-1157
-536
-2425
-1647
-759
449
-195
876
3997
3295
3958
2654
2812
2517
2108
1504
532
1344
2345
136
2509
1968
-814
2643
2839
1658
-181
2176
1750
-1172
93
-128
420
-1177
-936
-1682
-2040
-575
581
453
-2883
-4109
-3634
-3065
-1026
-1688
-17
1571
554
1890
342
1
-1737
-1270
-1441
-142
1387
-1428
1171
2057
-566
-1265
1199
598
495
2293
1996
-299
-2365
-1350
-3789
-2630
-688
-2678
274
-2454
-4488
-595
-601
-1162
761
531
-1773
-1188
418
657
838
1010
-137
3495
125
-1454
-1588
-1880
-530
-2206
-1607
-2429
-2731
-1249
177
1430
957
1338
-699
-101
1286
1062
449
1673
2236
-1443
-1223
1025
-145
-953
-1845
-844
66
-2303
-2172
-24
-4423
-3851
-3461
-979
-1011
-110
-1876
-2840
-728
-12
1898
494
1676
3795
14
-505
-924
-1404
-686
-778
-317
-433
-1064
-1453
476
1111
-156
-154
2579
1854
2464
1431
-509
1493
781
2746
2096
-513
-1074
1153
-1068
-1722
-3329
-5103
-4550
-2170
505
2613
4589
25
-1089
717
-1487
-363
-48
2421
-415
-67
1114
314
-1424
-3405
505
-1197
2124
1936
-2092
889
851
3441
4399
3662
6474
2646
3681
6174
2532
-265
3187
5389
4365
-3083
-3123
-950
220
491
1598
759
-482
-118
1234
-2788
-2107
18
-700
761
537
-2
-4628
-2915
-3994
-6502
-3239
-153
-1007
-463
1026
697
-1751
781
1181
-1524
1222
5006
4648
1243
509
2533
1513
-265
3531
2172
1565
-1760
-659
1131
-311
-3332
-1195
1740
2346
1874
-102
-2735
1869
1937
-2108
-4416
-3645
-271
-405
-4356
-7056
-3653
-2555
-5030
-1814
-2831
-4072
-4201
-834
822
-712
2371
-652
-2453
-5403
-3044
-1086
465
-422
-439
1406
-3019
-2689
-1824
192
493
-3778
-2373
-3557
-3279
-684
-612
-2313
-2644
-431
2060
-1281
972
2135
-458
-195
-1004
-796
-3679
-1395
-1232
-847
-924
-4486
-3513
-3946
-5149
-4235
-4343
-2882
-2545
-3794
-2989
-4474
-5011
-5548
-3033
-3592
-219
-223
-1202
-1934
358
5309
1588
3088
3434
3336
2427
735
1174
1726
662
3388
6353
3901
251
-1812
1287
866
-904
-342
59
-900
-2842
1150
3226
-511
-4122
-2115
-2224
-10
227
1507
1336
588
-1204
-2046
64
1433
-1287
-1699
-2837
-1234
1604
-1243
-2118
1331
1966
346
-1282
1914
567
-572
2390
2205
1484
689
1577
3617
2872
3008
4199
3266
976
-349
-1470
-2147
-271
-1649
-1234
900
-2098
-2507
-2510
-661
-679
-1648
-239
434
10
-705
-411
1688
1001
-1221
-581
2508
1376
962
-1853
-2909
3840
1635
-1496
1246
5156
4442
2146
4426
1270
-925
-1280
-852
-1652
-2863
-1519
-585
740
-259
-1795
-2417
-2979
-680
-391
1002
-492
-577
-813
714
235
-1844
646
-2975
267
493
-1117
-1410
-1088
609
-1121
-709
-655
-746
-1834
1241
2279
2302
2763
3150
6236
2360
3140
5456
3989
3260
4679
9004
7161
5025
4044
2567
1031
4427
4487
3001
2834
-320
895
1900
3786
790
851
1701
4517
2245
-1311
-1479
-644
-3019
-898
525
-1979
-3099
-2629
-2092
-592
-1134
-4188
-1462
-2028
-1254
-2400
-1342
1850
-276
-2062
-1283
2009
610
2355
2767
2606
1475
3110
4593
3304
3349
538
4001
3983
-516
-1307
20
3400
1314
-30
-2055
-283
1039
1221
-1549
-2183
-4402
-1362
1416
-1700
-2765
-2006
-1426
-302
-4331
-2593
-933
-952
618
-462
-509
-2235
-1710
-1514
-377
-135
2135
2949
2312
-702
819
3303
1214
-884
1222
1303
2926
2835
3330
87
1649
-2384
-1622
132
594
-121
1566
1451
-2545
-3484
-2562
1348
521
629
-1557
-1140
-1639
-1706
-1290
-3192
-1588
-3438
-3775
-2573
848
205
-2422
-2697
-1291
-4555
-3051
683
656
1367
-1039
-124
-2164
-3230
-975
-346
1086
2243
-2159
-1398
-455
-1983
-814
296
2085
3123
2215
1943
2665
987
1179
1949
3164
2241
1981
2093
-2933
217
1783
-1035
575
160
-453
-759
393
1385
2295
2283
1009
-180
-656
-918
-1260
954
2976
2352
-1354
-625
-836
-1452
1502
672
4083
4158
3310
3989
2354
1764
3863
3787
3257
1643
2505
3943
3693
2180
6089
3203
828
3143
1827
-259
867
4140
3574
291
-2940
-687
-865
-2097
1229
2688
4394
2723
1843
-726
-127
3493
3724
3010
4277
5972
2280
2844
1959
-515
3112
1315
870
1393
-2730
295
2113
-854
-680
2791
2692
1246
1655
1088
-36
52
-49
2010
-1173
42
3911
1596
-2759
-1100
-1839
702
-62
-1594
1303
969
-1070
-1677
-350
211
1339
1077
-1198
-1456
-3438
-663
-124
-2047
762
1418
-693
2379
238
-58
2271
4912
3751
3319
-2047
-2039
-109
-1062
646
1908
76
1403
755
-1808
-2305
-2183
-3057
-1350
-4216
-2898
-1797
-928
507
-1038
-5674
-3081
-2991
-4621
-3260
-259
-559
-2716
-1414
-18
-2122
-2593
-4319
-2440
-2658
-2911
-2287
863
328
369
-1791
-2306
-2180
-15
3644
1304
1455
-689
-1558
137
908
-274
-2004
-2151
-582
-1407
-2989
-675
-3683
-3997
-5971
-6526
-3227
-1274
-1591
-2768
-2164
-2246
-4222
-570
-2426
-2163
-4046
-3953
-4646
-6387
-1557
-3297
-3948
868
-760
-2354
-1946
-501
-1225
563
2226
690
-2362
-2486
-630
-1473
-1394
335
3607
1131
310
-752
2142
856
-2411
2449
2221
-1325
-3565
-1628
-669
-1754
-700
-1275
-2418
-4183
-4766
-5074
-4532
-638
-3011
-4040
-7050
-7007
-3486
-942
39
-1407
-3348
-3762
-3319
-2489
-2265
-1103
-989
203
-1668
1741
2542
-1393
1021
873
10
-24
1732
1628
-1608
814
1680
951
5431
1197
-587
-213
2409
323
1176
748
2659
1737
-1066
-735
1166
473
-73
953
-464
-2371
-4038
-2844
-2760
-2856
-2093
-283
-904
269
-4583
-4587
-1400
-1796
-2173
1600
-262
1041
3049
1696
3012
1328
4887
5108
6324
3528
206
1062
411
947
2011
2119
4976
1451
215
2977
1401
-1323
-250
1541
939
1801
-381
-2041
-2164
-568
54
746
1068
-130
495
-1335
-1572
-455
-311
-2451
-1469
69
-1719
-1272
519
-534
-1250
-2803
2595
1297
-2359
-2694
-258
-459
172
2220
5128
1327
-1078
-695
636
1829
1173
1236
1797
-3246
-342
-456
-2431
-2471
-815
1370
-335
-3670
-692
-1756
-3108
-3404
-1913
-516
-3035
-1337
1017
465
-2191
373
2532
1457
1112
-2777
-1064
472
65
280
277
-1071
-1772
-2089
752
527
1097
2822
652
2467
2133
-1019
93
1966
4327
845
180
-1320
-921
1672
-3164
-2083
633
-657
-1450
1627
4465
3609
878
1014
618
396
287
1097
1157
-1354
-299
305
551
1299
908
-910
1754
1347
205
-660
514
-1721
935
1950
2936
3596
2712
1466
3078
4819
3924
3725
3857
1807
1105
1276
2420
1131
-414
-2525
-1332
1600
1177
638
928
2300
2760
-177
-348
1207
-1728
1659
118
-435
887
2367
1422
1247
1146
2822
3238
-1916
-1384
1306
1970
2545
1766
5205
3555
3355
5584
6210
5895
3351
5559
4488
1993
2133
4670
568
1019
4802
4427
1712
4280
2227
1503
3626
3403
1149
1080
1528
2222
567
1402
2883
1626
-2020
-2394
-1156
156
2307
-2391
-2686
-3836
-1458
1171
-302
132
-155
385
4179
3408
1391
808
209
3208
5391
5090
3390
3036
2128
2915
7389
2751
1574
3466
5530
5077
3564
2588
-714
-1299
94
-502
1096
-1062
-3079
-971
-1447
-5692
-2953
-829
-4023
-4101
-619
-273
-2074
-992
-3776
-1967
-2170
-2185
-2197
-4291
-4067
-2703
-1818
-1200
-2963
654
1175
-1491
1795
118
-170
-205
-504
4505
4799
2609
-1540
-1268
-705
-1580
539
2168
-293
-1417
-1052
967
-819
-1179
-97
-1080
2263
556
2142
-331
-1670
-847
-506
-1170
-4874
-4217
-2064
-3412
-3573
-2049
-835
-4421
-6982
-4454
-1793
-1400
-6521
-2545
-1852
-3730
-482
655
1241
1738
3340
3637
1039
-896
54
3517
3503
2310
2659
3994
776
-1283
1903
-273
1196
-213
-2776
-2258
-362
2157
2984
335
-3
2484
1655
-1762
-1481
1291
-1970
-1034
-1930
-4287
-4570
-3861
-2795
-1380
-3002
-1442
-1638
-5052
-3086
-1168
-268
-191
1724
-160
-153
-1083
-2767
17
-2596
-1368
-2952
-3448
-4548
-4189
-2160
-1274
-1112
-3138
-3922
-5808
-8357
-4487
-717
-2626
-1219
-1654
-3260
-3203
-5188
-2304
-3357
-3247
913
2632
587
-1512
-2435
-477
-758
-3365
-3163
-1038
-2582
-2469
-2437
-1967
-2912
-4151
-4112
-2567
-3343
-2698
-1601
979
-804
-835
-904
321
-774
-289
2245
1658
-1127
-1017
1601
2160
-1534
165
128
-1060
-2592
-4825
-2412
-1870
-3899
-3985
2576
-116
-5541
-4347
-5522
-3815
-3561
-1453
6
-4532
-3426
-4128
-2374
270
1358
1446
1132
-1495
-862
-311
3222
3073
4356
4068
-682
2089
1340
3518
3082
128
1499
1421
-1530
-2495
-754
-3625
-754
-746
2225
-581
-3550
-4227
-4744
-2756
-1953
-1692
-1968
-2666
-5143
-2661
-2766
-1879
52
-541
-262
-163
-300
-1333
2254
5144
3846
4144
3655
2188
354
-323
3993
4792
3650
1813
-76
3564
372
1212
3501
744
77
139
4206
4442
-138
155
5082
4269
6475
3553
4627
6501
2347
4860
3518
1834
95
-794
-716
1856
-139
-3878
-3174
-3471
-2299
-4488
-948
-102
1763
-1960
-3211
2542
-341
1955
6680
6220
3072
3929
4329
1164
3004
5042
3020
4093
4614
6098
2271
2929
5808
5886
5128
3287
3642
993
990
1106
445
1254
-2329
-1328
469
-1347
-568
-2554
137
749
-508
-2056
-124
-2239
-5400
-198
-682
1446
852
3315
715
-2863
-2875
1003
1812
-661
-284
-2263
-209
1403
2029
2671
430
3383
3808
158
-472
1567
393
-789
1806
796
1144
1022
2820
3834
-975
1303
899
2230
518
-1267
442
2513
3014
553
-45
657
-348
297
-3414
-1652
-1337
-3144
-566
684
365
-3925
-1666
-3031
-3917
-1091
-1665
262
-180
616
933
-1424
-5321
-1221
1100
825
-1308
-3099
-333
649
786
1810
4013
4732
1120
2108
2305
3009
747
698
1845
1754
1793
1555
1720
-1242
-2468
-2338
944
1469
534
-48
-1193
-1992
335
176
-811
-3354
-1048
-158
1942
-797
-5078
-2909
-1711
-1005
-3101
332
1137
-1054
1826
-678
-1176
889
970
1768
1593
3088
701
847
-347
-4074
-5822
-1863
-105
-529
284
1590
2325
399
-298
-232
-1529
-2467
286
1047
-1953
-1595
-319
1319
-239
-230
1687
1637
-1023
-1032
-1782
-102
54
1377
449
-247
1420
2226
1738
4360
2150
479
-553
-902
317
-436
-1382
1156
1712
492
1485
1976
-755
-4213
-2491
229
-734
-1969
-599
1543
-523
-4636
-1313
-3172
-2103
-1691
466
763
381
-385
694
-1564
-3007
1004
2737
389
-369
2160
3415
2233
-1590
1977
2111
1518
1938
3851
3464
-434
2331
239
1005
5123
1297
857
-1313
2040
2719
2740
2887
-487
-1621
-1998
-521
-2455
-3649
-2702
217
-2745
-4476
-3183
-2305
-3325
-2549
-1940
-3480
-2204
-4146
-5074
-1350
-646
972
118
-1279
-1701
5900
4076
1753
4560
3177
2884
3482
3859
4174
2883
911
-897
1535
2088
2813
-933
-74
117
-298
469
617
926
117
1383
-996
-4242
-2622
-2187
-2073
-258
-1299
-600
-501
-2816
-1889
-3628
-2425
-577
-2488
-2341
-2368
289
-2338
-2348
-1533
-1651
-1824
-2495
-1543
-2960
-3608
-1137
-46
-1118
-171
2080
3433
-44
-429
403
1805
3134
5228
3009
1175
2631
747
1129
2673
3340
1947
1605
-1385
229
1589
846
2032
-930
-1661
-1797
1079
-180
-5193
-5690
-3022
-4397
-3241
-941
-346
-2319
-2916
-258
-802
-3224
-3174
-1682
1201
235
-3450
71
4193
-2052
-4637
-480
2770
-573
-3252
-3187
-13
862
-2645
624
3095
4016
990
3595
4224
3586
3047
2088
1783
579
-218
2667
814
472
1382
2146
2214
-2458
-1974
-2894
2080
-2492
-1195
2205
-904
1568
2065
2163
336
-3224
-1282
-2132
-1260
-134
-4370
-1366
-2053
-1868
-2167
2237
4310
-1614
366
-6
-980
-1381
-2742
-1782
-205
1264
-2268
3288
3680
-633
-869
1207
4948
4680
1394
49
1574
1645
1773
1831
3200
1490
-330
-2218
-404
-768
-3445
-3725
-199
1113
1379
-2188
-2073
-405
-2617
-1359
-1515
70
-999
922
3511
3632
4008
2380
2477
1098
603
-565
231
1205
3138
481
-2071
-925
-3731
-1909
1746
1284
891
218
-3913
-3503
-2408
-790
-3529
-1991
788
-445
743
-800
1725
951
1107
3445
1610
1306
37
2119
1016
948
3161
3630
2769
1414
977
2811
3506
1534
246
1569
1390
1209
530
-515
841
-182
-2603
-1158
-241
-2177
-2019
851
-1436
-880
-716
-3938
-632
-3656
-2159
-1439
-608
-2313
-3845
-1762
-2244
-1374
644
-836
1800
-40
2375
1858
-299
1693
824
1122
-525
1894
2700
-385
-1039
861
-692
-1190
-124
822
73
3524
4576
4117
1959
3465
3873
2014
2205
999
-681
-3885
-631
-696
2001
992
-557
-1978
-2389
-250
-2172
-2880
252
-787
-667
-1441
-2496
-3567
-3120
-3509
-2629
-187
432
-2655
-1533
644
-2019
-788
1520
467
-1853
-437
1108
-854
-354
-584
329
1308
1342
3085
2647
3207
7927
8077
5063
5416
124
-1400
533
-1656
1248
-409
-3005
-1634
2270
-1881
-3171
1994
1683
1987
533
383
-2785
-1449
-1247
-3883
-3189
-2050
-3238
-1722
-3922
-3409
-4578
-3570
-1873
1350
1788
71
-96
-2816
-2633
-245
3247
2709
3395
6861
4948
3416
485
3682
3523
3792
5302
5074
3508
2364
-19
-1541
-4220
-2524
-2463
497
557
-803
-4113
-2846
-3975
-3571
1994
5381
2938
167
1031
1735
1174
135
-1837
-1657
-1534
-4001
-4224
-2395
-3051
-969
-364
-1273
-2596
-159
-1804
-3670
-2780
-1394
-1044
2183
6007
2629
1040
1182
97
-1426
-159
1734
-1858
-1606
737
2308
1778
-54
1403
2102
-2181
-315
3729
4580
1827
-1494
1120
-1319
-1220
-4246
-2061
-3697
-3920
751
1930
-982
-3409
176
-2012
-3806
-1937
-3390
-2382
-1281
-2739
-2313
-28
1138
-44
-2398
-1122
301
-531
-172
3434
1426
-1374
-2909
-3815
2040
2380
62
-2923
691
596
-2045
-1163
1570
343
-2726
-4753
499
589
340
2031
6
-1028
-989
797
476
-1005
-3486
-2127
222
791
329
4118
5120
3725
2257
2002
3578
854
1246
553
1201
-981
568
-1836
-4002
2045
2616
-769
1196
1522
-2452
-307
-2161
-400
-5117
-5334
-5257
-6178
-5356
-3762
-4739
-5496
-1179
-1092
-933
345
-1232
-1984
298
3538
379
-1286
-1912
390
107
-43
815
1730
1145
2571
3746
3059
-537
1972
3493
721
3123
1996
3700
608
-1773
207
3537
3072
-3279
-3284
-2400
-2829
1519
2996
1219
-2353
113
-707
-1191
442
-582
-1970
-3037
-3904
-859
-1987
-1739
-4240
-1537
-1977
875
2366
1514
-784
-322
1822
-251
1036
2221
1749
3241
392
996
2920
1074
44
229
-1193
2592
3218
1607
378
636
132
-1376
2150
3252
2473
1975
398
-2369
-2905
-523
-382
-912
-1177
104
-1768
-4624
-3008
1074
-1177
-2717
886
583
-2150
-1479
-1460
-4394
-5640
-3817
-2036
-2763
-902
-1719
1492
1620
4345
5020
1644
2072
1700
4244
3829
2752
3636
551
1440
1328
1596
900
439
-1204
666
1043
1742
647
-125
864
-702
-370
-149
-2688
-152
-3805
-2295
960
-1907
-2471
-1321
-5626
-4441
-124
405
952
465
-138
-1124
15
-3442
-1672
2226
1603
768
2660
2365
-2114
234
-696
2188
632
543
2279
-208
-1057
225
2641
1398
1436
3998
4018
-16
3299
3964
2097
372
1454
2704
-294
-3516
-2296
1953
1151
1855
2296
1804
2215
2419
2102
1277
-1406
641
2136
3232
2478
2444
365
-839
1359
2465
1911
-746
-618
-1848
-2478
596
4231
4104
-141
4116
479
-151
958
2695
3763
2013
3296
666
1043
642
700
-289
-1161
3331
2169
579
715
3334
-1121
-2194
1223
1389
2563
1944
1783
1219
-752
1056
2635
2024
2807
-1388
-2489
-3802
-1732
267
1594
3422
491
1552
277
2471
2225
2583
3933
2116
-78
2417
1897
174
750
1549
-1695
-1817
-358
224
4059
719
-3988
478
-731
-535
-631
-1309
-2748
-3371
-1936
272
728
213
435
-734
-189
-1332
-2462
852
2331
2178
1309
-1069
-1849
-1398
-340
-935
1077
-810
357
231
1933
4480
1689
1586
471
1107
1374
43
4477
3721
-2159
-2419
-316
-846
-3191
-3892
-3031
-2545
-3342
-2274
-354
380
-2872
-7036
-7834
-4856
-3671
-1950
-2737
-2408
-5104
-4100
-1180
-3406
-2764
-328
556
-918
-2998
-1038
948
-568
574
1384
-369
1196
-295
-1761
-3355
-38
1114
-3872
-7237
-1510
315
-980
2103
1723
2051
-1570
-1396
-1396
-2197
-2129
-2070
-893
-509
-1031
-1650
-2825
-4694
-1271
-3565
-1160
-2996
-6988
-4669
-990
2111
642
-1231
-186
1479
-972
-3303
-1132
-1359
-3474
-4448
-689
-2328
-3814
-1730
-2817
-628
1031
4802
2133
1255
142
-1159
3438
3611
-993
-2533
453
3305
952
-170
1810
171
-1411
-466
-1603
-1292
-1654
-1192
-1447
-1616
-3191
-3409
-4187
-3914
-1458
-3270
-1231
-1443
-4172
-3884
-2812
1171
-49
92
168
2025
202
1768
950
1836
2441
-2767
-1250
-438
-1147
-824
1723
2767
5954
5728
2975
1605
393
581
613
513
947
1101
292
-613
-454
-642
157
866
445
-1098
-3434
-411
-1418
-524
-2605
-2132
-1090
-1943
366
1162
917
2002
-770
-2174
988
251
800
3739
-365
-268
2490
1541
1506
473
-546
-52
1635
3480
4982
3925
3301
3335
2237
1986
3492
1711
2810
1734
-2212
1563
676
1178
-621
1492
1275
-251
-390
-1939
-1239
-1424
365
-279
-621
3326
3660
1999
1239
-41
1004
-526
932
-969
207
3212
2475
-981
142
1958
830
1917
-542
3870
4691
3490
3070
2640
1492
-1562
1575
715
3035
948
1291
-577
-353
1743
-653
1178
-1547
-737
2416
4344
4239
1608
1827
-891
-2549
-586
961
-190
-1940
-2069
-2269
393
485
-92
-1021
-856
1677
3392
1435
684
2407
3810
1875
4959
1893
550
3733
1908
3185
4103
2367
1908
114
3275
1853
1121
902
-1886
-1028
-1448
2634
354
-1084
-1808
1978
-96
-483
-261
-2621
-351
475
856
1710
-2019
-2130
-1849
-3375
-3113
-925
1373
-165
-106
-975
-748
-2608
1086
731
-564
99
3130
4938
1953
5113
6914
3118
-236
196
359
3149
2569
1845
-143
-2569
1829
493
-2654
-1167
-823
-3533
-3531
-813
280
-3767
-3859
-4177
-5147
-5205
-2873
-662
-2634
-1184
-2082
-735
-203
-1352
-2253
-714
2093
2395
-270
-2460
-1665
1814
-236
-2034
1783
3494
3135
1978
4952
2807
1372
2192
2882
381
318
-534
2345
486
-2091
-1252
756
-754
-1454
2006
1704
-1718
-2124
-1438
-4013
-3082
-2821
-2042
147
1128
-2125
-2898
-999
-5300
-5044
-4500
-981
-2476
505
-2027
-3109
72
-848
42
-213
3040
2369
-1081
-285
-1416
-2046
-1328
2245
-283
178
-115
272
2479
685
-1934
-2780
205
1325
40
-1355
1001
1594
-209
-2113
-451
-789
-1889
-2765
-2963
-2251
-3145
-903
-3124
-2678
-1555
-1794
-1995
-1570
-2289
1004
1086
-40
-557
-4689
-4119
415
610
131
844
-1071
-180
498
193
1280
-910
-267
2304
2217
-133
-628
3911
-95
-2490
-301
1591
3902
1016
-1041
1925
1785
137
-1358
849
-2806
-598
130
-1340
-583
2146
2737
5
-2348
-5738
-4833
-3084
-2316
-2836
-526
254
1868
-3276
343
1995
-1082
-163
-519
449
4654
2368
1128
1852
3138
3547
2559
2200
-96
-2802
-403
-1952
250
1610
472
186
121
870
-2124
-1906
-2534
-1531
-2310
-5241
-3006
-1403
-3217
-3451
-1921
2812
1767
1957
910
-1518
1090
1684
2927
1710
-1417
-693
-1847
956
196
70
958
4401
642
-1151
2114
799
582
-56
4023
3676
1088
-1530
2960
-44
2516
4501
-1104
-2731
-895
-786
1130
1174
2069
-1348
-3800
-1204
-807
-3327
-2564
2791
926
-1881
-1047
59
-2325
-4770
-4077
-1383
-50
3485
811
-2979
-1847
-67
454
-145
706
-218
728
3588
3892
-1876
1490
3703
3614
2452
-2205
1281
1149
1009
1819
-721
284
468
-503
-1703
-3236
-3863
-2687
-918
-1822
-3511
-1949
-4158
-1400
-2739
-883
315
2022
911
-2913
-4621
-2332
-691
-2257
-599
335
608
-638
-1890
-1352
355
2589
2053
3944
2755
767
1559
-638
1805
2152
5454
3956
2448
3413
2981
3135
2566
-129
-2219
-1008
1609
-143
-1998
-903
1623
-262
566
-2781
-6569
-4064
-4561
-2745
-3463
-1994
-503
-2111
-1079
-3540
-991
-3665
-3495
367
-1096
-1467
-1065
1820
1415
-1294
-877
1020
246
-1234
-816
-1613
-1347
-2313
-600
-904
-5368
-5501
-240
-648
-601
-1252
4684
1075
-806
-2323
-399
-843
-1596
1697
363
2180
-617
-49
3336
2580
-1518
-2516
-1519
-1865
-5055
-4609
-6145
-4910
-3127
-2172
-782
-5
-2251
-4226
-4906
-3385
-1016
-3138
-278
1340
-29
448
1021
4347
3546
2759
2095
4476
2763
1714
2739
4996
5606
4033
3819
175
2803
3915
-430
1932
2289
-152
456
96
-342
-1147
1410
2382
1483
-913
750
1471
-1908
-2955
-654
1645
1811
-1113
-988
-1497
-1774
2368
3223
1686
-2438
1208
4576
3431
2828
3858
5689
3472
6310
7396
4499
1905
1632
1308
3670
181
2808
2017
194
3357
4057
3601
1579
2981
4187
3716
2604
3722
6081
3259
1763
1320
-1749
3098
4101
2814
2568
1086
2369
3840
2294
70
3086
1002
2550
558
404
985
1760
373
1985
4389
3509
4711
5058
3187
3850
4194
3497
4097
1191
4665
3790
3807
2891
-646
-1138
-2505
-1445
2476
2792
-2286
119
3176
1882
-901
1496
-3691
177
638
865
834
-264
2356
-852
2903
1787
3227
-757
7
-207
-151
889
-241
-1311
-1429
-3074
-2827
1998
1061
1927
2557
276
1473
939
-506
-757
-1280
2284
-816
-2228
-1780
-1308
2708
345
-33
-2692
-5145
-3711
-594
-2557
-4715
-1117
-312
-2563
-2458
-1579
-3006
-4538
-2923
-2657
-3804
-6505
-4410
-4049
-7015
-4457
-1459
-2576
61
-468
2594
1450
912
-1640
-272
716
1330
2105
-2953
-544
1331
3451
2020
2829
1346
-2821
-361
-1489
-3366
-537
-182
1091
-815
-1595
969
-4106
-5348
-4930
-3055
-3215
-4517
-2702
-3801
-3191
-3911
-3343
-2418
-2696
-4228
-6707
-2413
-347
-1610
74
-504
-471
-1604
-3958
653
-2924
-3714
733
863
2587
-1071
-992
3083
462
789
4630
3114
-907
947
1522
-53
-382
-963
-1936
-2728
-1722
-1889
-6926
-6260
-2608
-2077
-3279
89
-857
-4229
-2555
-3140
-2093
-1652
-4036
-4943
-1391
-1911
-639
-1140
-2223
-272
-633
-343
51
-1924
-2151
-2270
1315
3255
1488
740
-1656
1227
903
1004
699
557
-1070
587
1376
-179
1457
2471
2368
616
2260
2646
-220
-896
-1504
-3803
-1717
-2847
-949
-2323
-3495
-2045
-438
-1733
-7302
-4439
-1112
673
-1095
-1077
-2517
-4836
-3158
588
-2427
-3737
-229
619
1538
1882
1270
1657
731
-2299
1540
4970
4664
4364
2259
4238
4898
193
1085
2416
2506
1675
4733
4343
2585
1745
-1599
-311
-1800
938
-1406
-1125
-2799
-845
-1897
-4507
-2734
-2704
-2685
-2143
-1768
-202
-1313
-2286
799
992
75
2553
4524
54
2900
4600
3205
2507
3420
4388
964
2654
3595
4123
956
3520
1793
-578
2563
3346
3536
1747
1849
27
542
701
304
2936
2781
-757
347
-72
773
13
-2954
-2078
-2807
-554
-1846
1125
-384
-4477
-2197
-3221
-1178
-1591
-758
-847
2512
-1368
-662
478
304
791
1691
-1477
1502
711
-1502
2152
2433
3177
116
1557
4432
1149
-775
1383
1108
205
-1183
4127
1896
-2234
-2301
420
3260
-867
1039
1289
-1722
-1883
-777
-2975
-2673
-2133
-3116
-3957
-3214
-1284
-1245
-4932
-311
-220
-2679
-3942
-5312
-1558
-275
-1282
361
-860
-4103
2842
1604
-1088
950
2391
2078
-2036
-238
404
-432
-138
-1273
-448
3522
3422
1254
-48
2611
1026
-2817
-2628
-1088
-1352
-3842
-3142
-1306
-724
-1791
-1590
374
-2787
-4350
582
2125
1821
1486
289
-1278
2005
1645
2333
2257
-2345
1794
4035
831
4665
4630
988
2164
3608
3504
6578
2652
2470
5416
2352
3346
6009
4228
1650
170
3227
3221
2881
1729
405
100
832
448
2218
-74
-3812
-11
-1636
-2817
-4442
-5028
-4340
-1849
-952
-2576
-1807
-3377
-1052
1892
1621
2605
4421
5734
2783
3624
3640
3925
2951
1781
4320
5126
4339
6191
2797
2340
4760
-273
1239
214
-10
-897
1591
-812
-335
1326
2591
-707
-5322
-3552
-661
-4307
-3938
391
-810
-1058
-2876
-922
684
463
2409
4437
5482
3773
3287
2813
837
432
4398
3725
4065
4710
4760
4026
3376
4238
1194
2688
3701
4110
3662
4101
3517
3658
1851
329
1809
-89
-2200
800
1122
-738
402
2844
-2267
-2651
-121
-5156
-3316
-3711
-2868
-3694
-5568
-4939
-3176
-5035
-4058
-2940
-5965
-5475
-4757
-542
-650
-734
1673
21
-2430
605
2409
-13
-428
-622
45
-1348
275
-1433
-1919
-1547
-260
1181
-490
158
881
-2390
-2105
-1276
-1507
-3084
-7447
-3993
-2204
-4468
-2425
-1950
-4229
-3854
-3830
-5289
-4344
-8429
-4782
-936
358
-2043
-4141
-996
-2582
-3059
-1527
-1041
-1111
588
1230
-86
2524
-387
-1603
2398
1709
-110
-930
945
1341
-891
2311
1302
2067
306
-520
526
1033
3107
-119
402
-347
-3140
-2163
-2406
-4972
-4074
-4928
-3140
-1175
-1827
-1348
-2699
-3170
-3452
-2313
-1160
-2392
-3870
-3662
-2523
-2246
-3739
-3310
-1900
-2237
-513
-1632
-47
884
-1535
314
2316
1244
2313
2779
2556
2879
1043
1965
3559
844
-103
1263
1045
-537
-176
-2039
-460
668
-1829
-1569
170
3878
-1417
-4239
-303
504
-1443
-608
253
-75
121
653
-343
-2735
-3392
-183
-790
-2536
-2644
-717
2239
1788
2496
1485
4118
4842
5566
5199
6017
5510
1967
2940
3045
1283
3863
1665
-304
335
1064
-648
904
-1970
2451
911
1877
-15
-2700
1177
755
618
-1788
2520
3107
1554
1885
323
-2812
-1566
133
1864
1817
-59
-321
129
2378
-762
1866
3567
311
255
2052
5458
5446
4039
5549
8115
6897
4676
5091
3930
2416
5094
4643
4687
-501
-250
-668
2601
-472
-446
2129
3096
1402
230
463
2319
-668
-1541
-658
-518
713
-781
-1728
857
676
1308
3428
1458
-1558
-2965
529
-1207
-25
897
3873
1699
464
675
808
1140
801
3056
5054
4090
10
1794
133
293
-246
2029
2491
-826
-1713
1428
-2065
-3194
631
2383
-1891
854
1909
2379
-316
-3206
573
309
1230
1013
-4135
-4558
-5639
-3269
1198
203
-107
194
1523
495
233
-973
-1765
-39
1145
2308
887
2363
3966
362
1263
2850
3311
2365
-572
1865
-297
3858
4398
2411
-235
1443
4241
-253
1493
2042
838
-2809
-2876
-2523
-1487
-2710
-4450
-4308
-1741
-1430
-532
-4667
-4033
-2673
-946
-1653
-3106
-1171
-1413
-2773
-2543
-946
-2146
-2940
-717
2927
-2915
-2399
-2518
-1258
-729
-4770
-4164
-2247
-1052
-1813
-10
-2003
-1534
570
2108
-4143
-3113
-1273
-1664
-4197
-4385
-4183
-1866
-4102
-5912
-7968
-8404
-5923
-9120
-7176
-6511
-8654
-12962
-7885
-4851
-5610
-4217
-5699
-4668
-4837
-3829
-3175
-2472
-3689
-1878
-826
-3090
-4213
-2918
-853
-1523
-3380
-448
910
-11
-3291
-3538
-2700
-1684
84
1489
1919
-72
-2060
-706
-1288
-2352
-2476
232
10
-2274
-2028
-1685
-1399
-1712
-3730
-6597
-5961
-5815
-6874
-6834
-4267
-4231
-8598
-4948
-3832
-4638
-3453
-4709
-2723
-3165
-690
954
-352
-1339
-3056
-1296
-1995
-2820
-1836
170
1846
-3213
-3855
-992
-1885
-1815
-835
-1199
286
-2260
-1350
-1712
-2633
-3739
-431
-418
-1582
-1705
-2329
46
-2462
-2931
-2104
-4639
-2090
-240
-3177
-3925
-3061
-3217
-2922
-566
-797
-2578
-5119
-3201
1539
-200
-170
364
993
374
2211
5657
156
3679
3876
1424
2143
3568
6394
4437
3690
5116
4646
1240
1752
3228
1885
2056
3399
3424
3181
2942
2817
1070
1491
3861
3220
3832
2364
3833
4385
1377
3875
4392
4893
4863
4171
5781
3285
4233
4953
7059
5475
4815
3592
4708
8289
6003
6303
4949
4885
6275
5699
6812
7834
4317
6256
7474
6234
7983
8728
7394
8059
7473
7415
7128
7848
4373
4347
6957
2597
1948
5236
4751
6945
5837
2254
1258
307
1205
4215
5889
4310
5923
5572
4591
5002
5366
4833
3190
4403
6597
7520
6182
6263
5586
6427
5746
4529
4236
3449
4267
3076
2173
69
1409
2083
794
2975
3317
2538
864
990
2559
3538
2831
1603
3791
988
496
2596
2358
381
-1901
-2540
975
1968
1771
1780
-1258
-1756
-3166
-1246
-2232
-1657
342
-47
331
-2012
1731
-258
515
5248
3108
2447
2222
1217
2197
3704
6280
1144
1559
3527
6004
5184
2936
1688
728
907
2963
1283
1462
1736
1608
-657
-388
489
-2378
-4296
-6019
-3239
-4721
-3617
-2886
-3689
-3001
-1536
-3889
-2850
-4562
-2263
43
-897
-414
1716
2996
3129
876
430
2421
220
-699
3334
606
1717
1894
-89
402
2268
1440
-1869
-889
1259
2287
-123
-1291
-1701
-1059
-1234
-5378
-4140
-2014
-3343
-192
-4226
-4903
-3682
-5662
-4867
-1684
-4176
-4931
279
-2381
-3430
-3535
-953
-2745
-3268
-4690
-6173
-6451
-4423
-3631
-3782
-4264
-3917
-3553
-2755
-3464
-4317
-1150
-822
-1300
-811
-3589
-2087
-713
-1891
-2275
-2351
-1624
-23
230
-1126
-1035
-2668
-5701
-4317
-7039
-5385
-4409
-4404
-6935
-3211
-3683
-5700
-4810
-3911
-7628
-7672
-1895
-3702
-3238
-4507
-2531
-4441
-2031
182
-756
95
-1432
-279
-151
297
-297
606
253
-2525
-1648
2723
2274
574
-1681
-34
-2446
-3364
-3860
-4838
-1824
-3773
-2514
-4333
-4759
-2690
-1589
-938
-2971
-3471
-2229
-4634
-3630
134
-606
1316
-1622
-2135
-1777
-3739
-1136
-4270
-4724
-6878
-4178
-2493
-2933
-3069
698
4205
3654
75
2402
3080
471
-1818
1767
2963
6081
2309
980
1908
743
-1658
-1857
1139
222
-214
2095
132
-2272
-3815
-1654
-1604
-1053
-2138
-3038
-4358
-4616
-2345
-1022
-1593
-2145
-5
303
-786
-668
2642
2472
3020
1080
2483
653
-779
114
-547
-916
-2622
923
2381
4505
1448
1002
3332
5228
-346
3640
3840
3186
1301
-595
75
-1104
2544
-668
-2297
-2961
-2078
-2238
-2808
-2910
-921
75
-3722
-1765
-2344
-4214
-1026
543
3204
2326
2141
3785
373
45
1271
2601
1306
3600
3555
636
4158
3994
4043
2748
805
1409
4187
701
1851
1962
4615
5332
2466
3334
858
357
745
1410
-51
1097
-1993
1718
-517
-220
-1684
-5192
-948
-2042
-984
-2424
784
-818
-2500
-1024
408
539
-1585
-3569
-477
1044
648
1307
820
1141
-2291
681
4242
-88
-1311
1914
3025
4212
6008
6623
4225
-154
939
921
1787
2804
2093
-664
964
1436
1131
-388
-99
951
-362
-3369
-760
1303
-944
1980
-657
-5773
-3421
-904
-608
-40
1040
2001
2225
-1504
-754
-279
-699
-1403
-4461
-4757
-3290
2278
2835
-590
-749
-1401
-3207
864
2947
6264
3873
127
2156
1882
785
3085
4350
122
-685
2366
2456
1429
1674
2646
3801
2671
681
1362
-450
-842
1804
470
-1515
-1932
-489
-1333
-3832
-1814
-335
-2878
-3126
-641
-2496
-2792
-626
479
-120
956
1540
-1095
1406
-17
-2360
-2311
1702
-1121
1665
1963
704
-1234
842
1650
1402
1353
-27
-1984
-23
1206
-555
1574
-1331
190
848
1925
1213
-766
-294
-1279
-102
778
1649
792
-259
2031
-783
-461
1070
3084
-589
-1565
-77
-531
-457
892
1365
-1125
-774
-432
36
-1200
1438
2779
897
1638
2054
3397
1713
2620
3248
4166
3976
2323
874
3488
1215
-429
1836
1626
-938
-173
-2344
-728
454
-831
-4394
-2483
-2709
-3318
28
-3352
810
-1916
-848
-320
2905
2139
1692
2338
4721
1355
1217
1110
2269
-330
24
1364
556
3299
2424
1600
-496
413
2830
1057
160
3067
1855
2439
1266
2242
-278
-1093
66
28
1502
2486
225
-2323
-1421
-2596
-3373
-1764
375
1383
-163
1190
-382
-964
-3589
-4853
593
-4641
-4197
648
784
-315
-249
1576
998
-525
-1257
2707
3243
2183
2046
1556
97
3173
1112
1065
788
486
1618
157
2535
1772
-115
-395
-2178
-1139
-1894
-2235
-1577
-3461
-3361
-2515
-959
-1924
-2101
1122
-2989
-2522
-2239
-104
-1949
771
695
-416
-2107
-2693
-535
-963
-2294
995
356
188
-125
1023
1541
-596
-283
-641
-16
2412
1367
551
2424
1834
2182
3255
1388
1390
1099
-1776
-1456
-2769
-468
-1287
-2099
188
-1019
-972
-2004
-4986
-6098
-2907
925
-558
-1457
-3930
-1996
15
380
3334
-65
-783
-422
-1377
-272
2839
147
-1586
653
2710
1108
268
3372
1171
543
168
3542
3031
972
1065
171
-108
4245
4472
1428
2791
2464
1711
-116
-429
656
-313
825
-1146
-359
-3494
-3105
411
-515
-1395
-1837
-1735
-2448
-3652
-1172
338
-2918
-3156
-3471
-1580
-576
-1745
-3625
-1619
-2072
-2455
-1264
-877
-3576
-1642
541
1424
2301
3026
2718
-15
801
-634
-2122
-1146
-995
-341
-1379
1935
970
737
862
604
708
1044
-1055
-1707
-514
-1568
-980
-730
-2884
-4083
-1547
-2473
-864
1335
-931
-3678
-7366
-4930
-2413
-588
587
-1940
-863
-3153
-1248
397
459
-1919
-1106
-1570
-2175
1592
-355
745
2834
289
-220
1915
3078
774
-709
-558
-1052
-3064
-2073
-592
-310
-555
-4745
-4024
601
-1790
-4716
-1872
1169
-2660
-5507
51
-72
-759
177
-1531
-1231
672
2251
1116
-342
-3002
-2771
-1046
-2021
-1677
-2427
-1530
642
111
-893
-808
940
-2562
-4117
90
1914
682
-888
240
135
-1208
1398
358
2430
2812
863
4132
973
-1516
-2784
-892
756
1105
1475
-1322
-520
-3316
-3261
-1967
363
-1831
-2199
-110
1424
-1465
-676
-676
-817
-2915
-408
1351
-1240
187
637
4110
984
353
1537
1238
-127
1229
3201
829
-134
6843
4551
5191
-1134
-1223
2206
833
-56
1077
6799
2935
-1713
-1702
374
133
-3425
-4876
-2082
555
-713
-3855
-1151
-17
-515
-252
1772
4070
1571
1925
3272
4540
3020
1634
2330
1812
3357
3324
4911
5520
3158
1548
1707
2519
2956
3545
1697
523
3956
1564
-502
920
501
143
-1273
575
3761
-1509
-3651
-2288
1729
640
-1267
915
-1372
-2414
-1605
-570
-4681
-4353
884
2095
-1230
-1286
1589
335
2353
663
-159
1246
2582
2990
5244
4589
220
5042
3857
2340
-576
5115
1827
1235
2538
2763
5081
2210
1184
2964
-400
-888
2981
4467
92
-895
1906
-1106
-578
1448
-949
-2830
-3260
402
2008
-1083
571
-1275
-1521
-973
-1754
-1580
-689
2043
1197
-1992
-1080
1971
890
-1754
-318
126
-278
-1212
883
-133
-2026
-417
3946
68
-1127
-398
220
1837
1240
-1112
2745
4337
750
-1863
2587
1619
-1624
-551
-655
789
1297
1598
-677
-4447
-6958
-4025
-926
-3946
-5560
-3502
-3705
-2347
-548
723
-360
-2663
-1984
-1965
2079
1583
-202
-492
993
191
443
-1758
-974
-1036
-1706
1783
259
1955
4280
5544
3157
3036
1959
2338
2195
2657
4867
3242
-80
-77
-1233
-1238
-1688
-2648
-1296
-220
-618
-1767
-366
-2218
-3610
-3876
-2885
2075
-2399
-3222
-3811
-4120
-3190
-4633
-2670
-2665
-1847
-2247
-3061
-1830
-1005
1705
2442
2743
351
-1897
1671
3165
3472
2232
2725
5376
4606
-2149
-2875
-405
98
-2431
-1535
1079
968
91
600
283
-230
-2522
-1117
247
-489
-2008
-2809
-166
835
-2178
-1594
-304
-2475
-3069
79
2024
142
207
-2596
-4419
-4350
-4748
-553
1744
-1325
-783
1660
2890
3060
3240
3088
1598
2014
4398
4191
3445
4421
3476
4230
3507
2409
2308
1598
-173
-2057
-488
1991
263
-962
-2726
-516
-1967
-3158
532
-2102
-507
93
2206
2617
1818
-531
-2391
289
1198
3982
4454
135
2430
1456
1643
2993
-1149
-339
880
4078
3801
350
1101
4558
1929
-107
2816
574
2296
1315
-415
2583
4783
2608
-121
170
-2989
-1493
-2381
-2174
-1554
-2958
-3630
-2206
-2289
-4244
-4810
-560
-1510
-2943
-149
950
-1478
-1699
-1233
-1141
564
-3213
-1236
1976
-532
2183
1626
1147
714
-1468
-1614
-1073
2599
2021
1852
2682
5008
2897
1762
-109
-1726
-2149
587
-292
-1113
590
-987
102
-1874
-1416
1138
-2647
-1390
-2141
-3033
-1303
184
1172
-3261
-4282
-2292
1166
-739
-2798
-3942
-2688
-796
-1339
-2725
-5092
-1476
-1081
338
-2136
-227
-1441
-2452
-1492
1747
3949
5344
4305
97
2353
1378
3408
3003
1559
1317
408
-1623
-2104
-5068
-4678
-2499
-4290
-2684
-2665
-1895
-3765
-3997
-2907
-2939
-2459
-3952
-1730
-1888
-1463
-543
-1614
-1761
-2658
-1355
-20
-3577
-3295
-2087
677
600
-1875
1648
1097
2260
2043
1379
3175
4546
1697
-1659
-3394
-133
5120
4879
3619
3056
1636
3775
1665
1915
1991
988
-2161
-1427
-1446
-1313
-4360
-4473
-5104
-2570
-1994
-7057
-3835
-1379
-2129
-1109
-2173
2246
-115
804
3758
1767
1325
3517
2326
-372
2933
1950
-908
-1980
-909
516
720
-717
2005
317
-253
-410
-3596
-1428
-1383
-1560
931
102
3035
5386
2828
-1403
-2765
-1538
-3261
-487
1262
-2738
-1899
-2303
-179
-1478
-1714
-1661
-534
-3184
-2818
-2406
-2861
-3024
-3237
-2198
1273
-1648
-2007
670
884
952
1545
4251
3610
2277
4806
1141
938
2442
1295
3215
2810
5207
6820
4176
-671
402
3562
2045
1356
2495
2544
4614
2509
-790
-1155
160
500
-1171
-1774
-1176
-2678
-4288
-2541
620
1384
972
1216
-1056
-843
-1081
615
3532
2876
28
-394
3019
-1322
307
2768
4427
4007
2176
3458
595
3275
2048
2115
3303
4649
4011
441
177
902
207
2381
4068
1777
-1180
-472
-1631
-2606
-2944
-1323
614
-12
-3329
-2546
-236
-3722
-2984
538
2219
188
-278
2310
1102
314
2949
2226
1506
642
1131
348
1894
3342
1795
1426
419
3644
2971
109
-869
817
207
604
1890
3731
1706
-1371
-1412
-2246
574
161
-955
1153
468
670
1841
-558
-2690
484
-367
-1980
998
3
-3537
-2134
-2999
88
-62
-2498
-1506
-2303
-2434
-2666
-1789
-1664
182
-450
-1254
688
2729
2706
1873
2723
4182
2853
2269
4035
2345
2834
1682
3271
2760
328
1389
1343
2416
538
-1585
-2035
-930
-966
-2031
-3490
-3708
-1023
654
101
-1170
-1710
65
-279
-1907
-2365
-1193
-21
-658
-4734
-5315
-1009
-5
-425
-2147
357
1044
-777
410
1386
2556
-2080
126
2639
1546
-96
551
3938
2247
-908
-2380
4422
2010
626
2416
886
1062
-1655
1292
437
-1485
-1797
1305
2899
449
-1917
-2278
-3741
-2216
-2219
-1897
-2324
-1674
-2095
1681
-488
-1981
-2215
864
-35
-1554
-146
-534
-2276
-3452
-2363
952
1436
-1485
-176
972
-1671
718
2102
2987
423
1756
1578
878
-1287
-1133
-109
-651
1036
912
384
402
-2777
-7289
-3454
-1265
-3099
-4328
-2022
-2952
-4404
-6510
-5826
-2691
-3847
-3962
-4262
-1604
-2340
-5056
-862
1154
1426
698
-27
-380
-1044
1274
-319
48
426
1562
5026
2261
2097
2276
2654
1385
59
1323
2841
1811
-685
3804
288
-3745
-2935
-1342
1330
404
-360
-465
-1810
-2804
-831
-1004
-786
-2484
-3432
978
1014
-757
-108
-53
-1366
-4191
-3079
-3981
-2276
1609
-2321
-1249
407
280
1628
-1432
-525
2483
2595
163
-339
503
3729
5140
5752
1971
37
2542
3234
330
362
520
-759
-1666
221
-328
-2056
-4010
-4327
-3127
-3752
-97
1979
-864
-255
-2699
-1324
1761
1009
-2583
-3802
-935
196
-845
-567
-3755
-1518
-2541
1542
2108
-1176
900
-1133
-1696
1760
1944
956
813
305
1427
2539
3310
3108
3434
-783
859
-128
-2249
-315
-1660
-769
773
540
310
-1417
-452
883
-278
2774
1795
-169
-3070
-1912
432
618
844
-1213
240
-2107
-2417
-1804
809
702
-801
173
4249
2911
-1128
1537
3083
2601
864
1721
5138
3979
1474
976
-411
188
-370
1410
-61
-309
2557
-968
1294
3219
2062
2889
2948
1819
-662
-171
-614
-1689
156
-235
-1488
-2507
-1357
-1368
-481
-1544
-1265
-999
-450
-831
-179
1280
-986
-548
1609
4711
4514
5147
3725
1906
3748
2529
3341
4681
4836
3709
3099
5794
4696
3029
4803
3058
3229
2147
579
9
1981
1145
1041
-1650
-1664
-4686
-5595
-1947
-854
1448
785
-2940
-3058
-3352
-5340
-2349
-1500
-1732
-1233
-4102
-1692
-1763
704
2944
1708
4163
4743
5130
4405
6637
8751
7279
3075
3809
3720
1659
626
1235
1290
-2091
230
2473
1732
645
1126
1473
-981
-2
-2127
-2081
-640
-1868
-1920
-696
428
-3178
-2029
-772
-181
-2271
-2327
3712
1392
-2815
-53
151
-2733
-3802
-357
997
-1074
-2914
-3963
-1340
-1175
-1647
-2424
434
-1024
-1302
2086
-915
-1239
1347
3317
2477
3196
4031
1561
533
1050
2033
1768
5508
2174
553
961
5133
1506
-1287
7
-1421
-445
-243
-2664
-2067
-2542
-4740
-4467
-3585
-2650
-4261
-3462
-2762
-3788
-2247
-1873
-2931
10
-1182
-1172
-3589
-5712
-2615
-1371
-1206
-3923
117
-296
608
-1259
-656
-503
1579
2566
1641
669
225
4011
-185
-1359
-2317
1827
2244
12
-54
1206
-457
-2346
-544
814
-1157
-1160
-3499
-5314
-2664
-1817
-2604
-4566
-4431
-2719
-1846
-3993
-3249
-1885
-3373
-1960
-2248
19
1394
-613
2676
1324
677
444
-535
174
-1834
-1509
224
-2017
-2304
-2228
-2448
-2540
-1208
-1684
-2050
2175
294
773
1842
-2960
-4102
-3374
-493
611
2175
93
2389
690
-2590
-107
-1165
-1957
-2501
-2271
282
-1
-1
1188
-727
913
1235
-796
-2578
-2735
-734
-996
-93
1025
1801
2749
4425
2169
2690
-758
2535
47
-1230
1209
-2117
-1796
-606
922
-3428
-3216
-1473
-687
-924
402
-2111
-107
-1440
-394
-792
537
-79
-1637
973
-1192
-361
1761
1993
2076
865
-1400
-2416
161
1660
-548
1384
2310
3587
5294
3205
1813
2288
1255
1038
4059
2953
456
-269
350
1360
440
734
2422
-716
-2833
-1495
-2340
2548
755
-2428
-261
-1875
-1938
-2104
-64
-2010
-204
1686
639
-1659
-1460
925
-464
-635
-473
415
836
-752
-122
235
-796
1081
1927
1038
1841
3311
6907
4778
1470
3137
7207
2508
-2857
93
-2509
-1165
-657
-1915
-56
1884
1883
1108
39
-397
1502
2489
2216
1057
-491
-2980
-2085
-1298
339
-1427
-3868
-3999
-1804
379
-1473
-1497
-4412
-4484
-5463
-3019
-923
1553
321
3571
3070
3682
1776
1951
2877
-106
2479
3400
4921
2887
3750
4142
1280
848
3224
3649
3355
125
1085
563
67
1033
-2633
-86
-1299
-1010
391
-1610
-1979
-2800
351
-1827
-966
-5501
-3895
-2305
-2324
-1766
-4351
-4347
-3731
-3886
-408
-439
-997
-1363
-1371
870
-2984
-1003
1885
2019
-1389
-194
3439
1288
1522
3111
2880
2903
2655
1096
3506
1246
-243
-347
-929
422
1435
734
480
-707
-947
667
-755
277
425
473
-2813
-2034
-1224
-3086
-1018
-551
-513
-2888
-3661
-4719
-6882
-3227
-1379
-1809
-3343
-1826
585
956
-1326
-2856
1206
-60
-945
-1424
-2080
-1241
-2615
963
466
1920
876
1460
2354
701
-1794
-354
38
611
1165
2419
551
-1705
-1350
2696
2172
-1115
-1128
-229
-2080
-2659
-1054
1033
2037
2972
-595
-715
3119
1495
382
499
-439
1118
-1782
-739
-657
-2245
479
-920
-63
440
1628
-2337
-3020
-871
377
1041
1549
1400
-58
-996
-1604
591
-736
479
1035
755
598
978
-2171
1059
-112
-1521
3003
651
-1570
-2162
-960
-1869
-498
298
-622
-2288
-1022
99
890
84
517
1148
-1666
3321
192
1905
4600
3048
3791
2179
936
1998
6724
4054
2795
563
1568
-1334
-2724
-3842
-1073
1800
1735
-299
-374
685
443
-1850
-2432
-2539
-3820
281
9
-83
-106
-4933
-1831
291
-1667
-1495
1733
503
1347
-3077
253
2912
1562
2788
195
-510
-25
3328
4202
6654
5871
4466
4848
4248
2585
1537
2187
2031
2412
3399
4347
427
877
1651
2101
1041
1739
3575
3838
231
-2117
1519
1971
-6
-1540
551
586
-1012
-4317
-3943
-2589
-3001
-896
-1402
-591
50
604
-2589
-1736
-2187
415
2392
2344
2196
-1951
1932
3625
4249
3241
4492
5005
1862
1333
3142
4371
1695
3858
4405
695
-895
593
2191
5066
4624
3363
-1800
-2143
-877
-2139
-2041
-2853
-421
-2036
-302
-3342
-5920
-2473
-2885
-3344
-2892
1049
-342
-58
-1898
-2545
-3198
-900
1961
2886
3160
2840
-1724
-2856
1001
1788
1431
4056
987
-359
786
476
1330
-2287
383
3461
2449
658
1955
4009
1177
1325
-1103
1116
2710
-2110
-3657
-896
561
-1262
1508
-866
-791
-2662
-3970
-2558
-1486
-1464
-493
954
-1575
-3431
-4846
-3622
-4292
-1325
-593
938
2150
-164
1563
-2055
1975
1775
486
2892
-647
-104
-603
964
1595
-1740
-1493
-211
857
1297
200
752
-1699
17
759
799
58
-2767
-1890
1253
-487
-1132
1292
-1101
-3516
-2237
303
-2696
-2582
-36
66
-4887
-2055
-1298
-1761
-1030
-5431
-1199
-2744
-3309
-27
871
-1141
-185
1433
-908
-879
32
-575
103
-64
-396
1008
1143
-160
-422
-248
-1814
-2612
1635
941
1670
1736
-499
-1242
-882
-492
5542
2099
92
523
-598
-480
-1079
-116
-1713
-1731
-1060
-3206
-4335
-3400
-2356
-4416
-4094
-584
479
2015
866
-359
1144
-1211
-237
2978
5280
1983
-2089
-175
498
1005
2779
1516
1192
-896
-1379
-3498
-1937
-2723
-2851
-1928
-2177
-264
-3168
-2427
-3473
-2569
-528
-2212
-3845
-4177
-3376
-1326
-863
-2193
139
-336
39
355
409
1484
-209
959
4366
6223
4521
6610
4193
2386
635
959
3825
5029
-180
3141
2318
-1524
-475
1289
1112
632
-537
-2255
-334
-1972
-2693
-1401
-3086
-3722
-2706
-3279
-1157
-1942
-2626
-566
-1159
-1757
-1638
-75
413
1579
-2231
-2923
1677
-458
-1353
-1460
-1594
-512
-2572
-1564
-955
55
-1036
-2984
-494
16
1448
-624
2558
5277
3662
1092
1592
6787
4382
3666
3459
2043
-2521
1034
3086
1811
393
10
-3808
-3926
-3378
-1939
-1229
-4078
-5691
-4293
-4559
-5556
-6097
-5026
-4050
-4307
-1822
-391
-117
-3060
-1844
-552
-357
1141
2463
3935
1247
2304
5164
5434
2889
3697
6692
6456
3923
1731
1049
3122
6168
5083
825
3810
4153
4860
-331
291
4651
3631
3968
-66
-791
167
-3352
-5270
-4477
-7412
-2722
548
-2909
-8678
-6546
-6584
-6014
-7140
-407
1083
-2914
-3887
-3330
640
2483
1379
3598
2663
607
1690
-893
1470
4320
4171
3097
2514
2992
-764
1417
2093
849
145
-1629
2020
-1861
-1411
715
-175
899
536
4367
4095
1255
-2488
-2171
648
-2192
3010
1096
293
-1391
-3620
-1458
-394
-6255
-3179
-2324
-3390
-3023
-1146
-4104
-2730
-151
-951
632
33
982
1057
2002
1918
-562
-1740
138
1543
1657
717
54
1740
-794
1459
1702
2513
2509
-3310
-48
-665
1337
-779
-684
-2830
864
-1263
-190
1251
204
1545
-420
1240
1577
810
-1251
-1069
-14
2127
-341
556
-706
-2140
109
507
1290
-108
2464
553
-298
1474
1521
809
1317
2796
4834
414
-168
3082
313
1381
832
975
478
-1693
607
239
-204
2714
5376
2115
-1781
-2304
-2273
186
1102
1029
-470
-3566
-5323
-2095
-2486
-1748
-3019
-2534
-301
797
-1154
-1115
-1318
-705
3741
6206
3285
2597
3836
-2343
-429
317
898
-358
1438
3410
1891
1014
722
-762
-1947
1209
-436
-1679
-1840
1
-1822
-2323
-3930
-2043
1521
581
126
-168
-161
-679
-1284
-1324
-496
1337
2628
-2542
-478
4000
2184
-1319
-91
1705
3522
-291
-2206
1376
2128
2852
26
3066
2645
2949
5914
4454
2095
-1187
2622
2453
3773
3088
3930
2357
-997
-452
2436
4007
505
-302
2187
-3127
-2837
-437
-929
-2696
-4333
-1118
-1179
-2544
1149
-1784
-2005
-1118
-2615
-1012
-882
-3091
-2185
-3205
-1115
2937
1196
1200
3164
1943
769
2402
2324
2346
2799
3973
3891
3608
861
4820
4360
5114
4804
2435
5886
4461
37
2746
3599
3992
587
1005
759
2032
144
-552
272
-1718
-4907
-3323
-2217
-4277
-4767
-5424
-3990
-6348
-5232
-3824
-2979
-1957
-2467
-4451
-2992
609
-1535
2957
3147
3564
4591
4546
2775
2999
2985
3159
2452
227
-67
1136
949
2420
425
-1667
295
3102
97
387
956
-364
1255
-2439
-3198
-538
-1099
-2422
-4551
-2652
-2518
-1393
-1613
-477
-1023
-645
-1882
-3424
-2465
-1934
-2981
-2734
-162
-84
1443
-2952
-3233
-1673
-1978
-2739
-2193
1962
-2033
433
1379
564
2318
-169
-1516
1495
2486
2068
-533
-1195
726
587
1489
840
195
-924
-1326
575
2169
-230
160
2160
-1025
-1780
-2630
-3730
-3972
-4844
-1652
-1691
-3879
-6339
-2655
-897
-1813
-1574
-2969
-4026
-3778
-978
565
224
-95
1186
12
-3105
-69
1937
-309
-886
780
-3327
-4222
-1090
203
-2673
-63
2762
1400
2440
85
-2543
-2369
-3902
-1119
-2049
-2470
-865
1641
-83
-4432
-3630
-1375
-1844
-1445
-3582
-2809
-2763
-2337
1270
1285
-2131
-2634
-235
1822
1723
1201
3269
3004
48
-532
629
-313
-2280
-164
-3879
-2135
2
1054
563
-2472
-1895
-1317
-881
-2040
-2579
-91
1287
2758
-1443
-771
-2697
-1325
-2294
-3255
-3706
-1998
-1091
-1416
-582
760
517
777
-770
-602
-528
335
1454
2924
559
-2615
1180
3910
4246
2430
2731
2643
1718
3270
2074
3678
1177
2320
4985
3445
1049
-586
-29
-413
-1039
255
2285
-1197
-1852
1446
1758
-216
-776
-745
-1773
-924
1361
1897
-1189
-4867
-3585
-481
-1651
-315
501
-5
-857
-1127
341
729
221
1409
922
3831
2279
-221
1997
1893
-198
4902
3738
3244
984
497
4084
2908
3986
2404
4287
2590
1645
-510
-315
3636
2068
1192
-630
1000
1389
1603
-3645
-2067
-2753
-2383
-1828
-738
-1054
-2289
262
1756
3624
1443
2094
1398
-1998
-4127
-2349
-732
-473
2306
267
-1094
1737
1351
3646
3906
2495
4683
2898
2789
1271
-641
3425
3082
2207
2451
5160
3983
-464
364
4820
187
-3648
767
-15
-404
-3160
-2548
-1665
1326
1003
1158
2965
-1271
559
-188
121
946
42
3033
971
-1860
-3827
-20
-436
-857
108
100
-182
-1058
-1558
1670
823
2577
2105
675
1874
46
-6
2806
1363
1117
-1557
3380
855
-122
164
961
-85
1984
753
1017
2840
1701
3054
950
-747
640
519
4379
2343
1160
1034
-2978
-1817
-1423
-2710
-3169
-3678
-2822
-3376
-1901
-937
-154
1021
523
-1273
-2419
-1527
-1359
-188
-1547
-210
-1720
-1478
-702
1322
1658
2649
2840
2266
1470
1550
1124
4215
221
-851
374
-1509
266
-1262
1225
-170
-2233
-1806
-1480
-2251
-3399
-4332
-4348
-448
178
-595
1852
78
1660
3310
2311
1513
25
-163
384
885
-828
1549
-284
-1385
851
361
97
-550
167
-2302
-857
1449
-648
-1978
-965
333
-406
46
899
1314
1542
-713
886
-2517
-4019
-4667
-2680
-3450
-910
-1870
-4019
-5454
-5741
-4893
-3198
-2067
-3140
-4116
-3698
-1987
-769
3017
1251
-2010
612
1959
924
2161
2270
3513
7157
4704
2297
2322
2409
1478
738
148
-482
1687
1353
632
-2607
-2336
-1166
-738
-1603
-866
-342
-1805
-3399
-5260
-1387
-472
-3183
-1566
-2799
-3849
-2340
-3064
-3622
-2082
32
2135
-464
-849
1844
735
2247
3437
1445
-1732
-922
-1908
76
143
1629
1788
2208
2554
1733
-144
-904
849
-148
801
2248
2987
964
-2831
-1823
4564
2357
659
1401
-1336
-2388
-3126
-2981
-1390
-1271
-3220
-3062
-1190
-4467
-4786
-4575
-3017
-2615
-4268
-5048
-2723
-1760
-3636
-2464
-1853
-2667
-2379
2161
3561
699
1060
1136
850
820
2077
2583
1571
-779
-330
2214
4639
3912
4563
4954
-47
-2758
528
1801
66
3358
5250
-492
2387
1256
-201
1904
-1223
-62
-4209
-5226
-4200
-4753
-5568
58
-104
-2019
-634
-2866
-3633
-4623
-573
1589
-210
3650
4419
-628
-264
-698
3988
4014
2343
2912
2455
1041
-1771
973
-1164
470
1889
1722
-665
1013
3220
69
-73
1321
2007
-609
1582
1311
2365
2087
1024
2861
4055
2627
-250
-347
634
-372
120
1219
-641
-374
-806
-2738
-1962
-1101
-1762
-432
-1862
-2247
589
-171
2063
-81
-1406
880
4332
2507
628
1105
2893
2567
-742
782
-208
384
2743
3202
533
2194
-123
1525
367
-2408
-2008
-4949
-2938
-442
828
1217
2422
-4721
-4782
-3888
702
3705
928
1168
443
-404
-2254
2548
2518
-424
-132
1247
456
1141
618
-676
542
2405
2310
2703
1644
1224
2262
2559
3655
145
3408
5707
3416
-973
-1400
3382
-659
348
-533
-2162
-516
-1915
-3812
-1903
263
-2345
-2796
-1143
1383
-1017
-2242
-1671
1252
-202
-3509
-3228
-910
-433
343
1333
2285
153
-1397
1878
703
-1353
-1149
1950
4923
2017
3140
4918
3010
559
4310
4141
4000
3086
156
1271
949
-2007
-4480
-451
-364
-3533
-1657
-3555
-3176
-3123
-1879
-2912
-3695
-1554
-3119
-2981
-1152
-3093
-3707
-167
-61
559
-2591
-2380
-58
-1241
-446
-1028
-2292
541
2518
2064
1133
1571
4684
4888
4889
2224
4427
2080
887
3676
3923
2673
164
-1447
497
-403
-3880
-2997
-1448
-1317
-2377
-3089
-4459
-3915
-4385
-2326
504
349
746
2105
537
-823
-689
-1283
-102
-697
-172
1590
767
-3257
-2756
-832
624
1186
-1600
715
1815
-147
-2233
348
4530
2870
2978
2185
6085
4292
1642
1289
439
3368
3089
827
597
100
-1804
-1050
-400
-1116
-1576
-915
-2901
-1758
-5101
-2822
-5800
-4338
-2408
-3443
-368
-2718
-437
1551
-1994
-420
-1769
-2949
-965
-1325
2303
-579
711
3626
1025
13
3926
3878
2124
2697
169
882
2564
1607
177
3166
2212
368
2963
1986
2494
3627
3384
2602
3678
-304
-3504
671
-232
-2191
-3784
-452
260
-674
-1695
-4141
-3800
-4605
-5031
-227
-4220
-2070
-2859
-3249
226
-613
-952
-1351
-1007
-77
-34
-444
-2484
-2556
74
-997
-1918
-34
2265
4180
2019
1848
4714
4088
1212
2831
2383
3142
193
272
155
1368
-1204
2357
3560
1620
1242
1611
393
-2069
-1346
-3097
-2950
-820
-2181
-3709
-1915
-654
-1249
-2929
-3140
-3257
-2254
-47
-2601
8
872
2114
-224
2466
4416
4166
3765
1940
62
2591
2500
253
1046
252
485
2400
932
-2293
-551
-1009
523
639
2478
-1424
-3106
-1137
199
3490
1760
-627
-1795
-1201
-2195
-188
-2464
185
1029
-1746
-1972
-2855
-1144
-2030
-2637
-3009
-3495
-1925
-2525
-1617
-3736
-3643
-1537
-1602
-1023
1511
2451
-73
487
-1509
258
1873
917
690
4170
2483
4425
2658
1509
570
1717
3536
-1144
-557
-7
-173
-3266
-2623
-4498
-3117
-1768
-2833
-562
-4930
1573
200
-412
-1242
-455
1701
-2194
-1713
1113
3187
1576
2569
3680
5224
4137
834
-306
2177
-1984
-5145
-2231
3822
1115
96
235
-1086
-1621
-396
-2996
-1303
66
-806
-1552
-4581
52
-1773
-2268
-109
-681
-895
453
778
-1182
876
1256
-1567
-6491
-5907
-2596
1275
1277
1913
481
-499
-3285
-2577
-718
-328
-1180
1339
2159
-2531
-1947
3689
4549
2884
76
2141
5806
3872
82
1659
3195
2191
232
2009
2689
165
2178
448
1139
-202
-973
2023
-1667
-4385
-2660
-217
-4269
-3995
-1128
-29
-1209
-4749
-2583
1047
-289
-1505
-807
-2152
-4259
-3282
-748
233
1929
1482
3666
2574
1329
3103
1140
-357
-2001
1785
4620
5909
1201
-2828
2472
1319
987
2790
5255
741
-151
-1108
-1886
1174
1377
3107
1200
-2254
-733
-1355
-2659
-541
19
-473
-1629
-3303
-4413
-5559
-4081
-3693
-3687
1237
1068
1271
-44
740
-783
-2682
-2567
934
2882
2740
2115
4552
1346
-441
2633
6148
4359
2622
2803
2590
1783
1015
1483
3357
2596
-1240
-845
2746
3200
978
-2475
-1492
-748
-1411
-984
423
-892
-1809
-231
-605
-3038
-1161
-222
-1917
-3413
-2898
-2332
-2661
-1796
-2419
899
1934
-691
61
-1978
1492
2618
3681
1056
813
3165
2376
3589
2920
1752
2715
1138
3295
2218
1149
-1120
-25
1270
2534
1655
-699
-1725
-1886
-2204
352
4322
2172
1239
3415
222
-846
220
-1627
-2002
-1595
-998
-1349
-338
-1587
-1706
-2007
-2412
-1290
-331
650
1456
-1520
-2802
1774
2361
2895
586
1407
2666
3719
6972
618
2072
2099
1541
867
240
2737
1438
2312
1316
1924
-1178
-1512
-1450
-428
-2118
-972
-973
-4022
-3399
-1191
704
-1472
-111
-1637
-531
-1857
1762
457
-2792
1460
-840
963
917
389
1683
-733
1188
-1621
1196
-1615
-1280
262
1481
2106
-1055
-278
-178
3615
3847
2206
2231
1979
1067
-2832
-2871
-441
-150
-517
312
568
-136
574
-562
732
-476
-3070
-3119
-2019
-2041
-3918
1140
583
-2102
-2078
-1922
1755
991
530
-2084
-3755
-2965
-1284
-280
704
61
-48
203
-2661
747
33
1228
908
130
-822
-268
1910
1404
1957
195
2416
-201
1425
298
3230
3160
-188
-3659
-1539
-1656
-4211
-6882
-2978
-4136
1637
478
-266
2214
-747
-1334
-3346
-3487
-1519
-49
330
-3846
645
-1002
-2850
-373
-738
-1240
-1880
324
1361
979
431
1905
478
2400
1774
6180
3836
1135
2386
4030
2097
1705
3579
-772
-1793
-9
1928
-504
-1785
-1204
-1140
-2259
-4554
-3352
-1750
-2864
-5551
-2725
763
-2598
-3576
-1781
-2849
301
432
-3212
-5294
-5739
-3085
-4074
-2693
45
52
-2026
87
3994
5827
3319
2668
3705
3539
3832
1867
3325
3703
2590
2019
2739
1606
1493
-1910
-1537
-1787
-2600
-1848
-1725
-1036
-1036
444
-3579
-1633
-739
-2036
-4051
-2887
-1145
-4626
-3237
-1221
-2328
-1772
497
-2223
-2096
-1225
-164
2578
2258
2095
2712
3375
1366
440
1347
1006
2095
-379
-2588
-2167
-1354
1989
-3068
-585
3536
783
-1703
-587
3527
4219
2754
-360
135
1125
-62
-2572
-1754
-2175
-402
1821
1723
220
-1645
-2107
-1526
682
710
-201
-3301
-1756
-113
-223
-151
-272
-496
-1917
-1743
1611
2787
2754
3633
-1074
-1205
-220
542
2254
1752
2132
3312
1790
1759
5523
3628
1260
1213
2963
1835
2199
683
64
-2410
-1247
-323
-2196
910
-1721
-740
-2124
-4777
-2880
-1254
-925
-491
-1163
1350
-2
118
2521
3032
823
1443
-75
-1740
691
145
1776
539
1080
2890
3845
1326
248
2951
1678
1032
650
681
3548
2967
12
-1231
-617
634
-2566
-1167
1720
-1983
-2541
-1736
-435
-2855
-1844
-644
-1989
-98
-1387
-1476
-1322
119
155
1269
-13
-2644
-482
605
252
-316
889
-1120
-1376
-80
615
-250
2645
3902
-495
1219
3142
4073
2549
969
2848
1667
1792
1170
2160
1821
2781
1711
2477
-179
-403
-245
-2611
-3554
-4925
-3019
-4449
-3054
-3794
-1721
-1485
-1339
-968
-1840
-1463
-2516
-1135
1881
1847
361
-45
-688
-591
-121
-1802
418
1172
1951
1702
1291
3112
2671
-1201
-1023
5085
1933
-1481
-1804
1468
1464
2402
-2162
-971
793
1526
7181
1562
3601
2210
-2027
-740
-236
1549
-595
-927
-2930
-2883
-2675
-3803
-7583
-4959
-3797
-4050
-3998
-6192
-5426
-5405
-3212
258
-64
-956
-145
289
2120
321
-724
3529
4887
3763
2691
5074
930
1624
3287
1425
-2185
2070
1822
1795
-1157
-2096
-659
769
2572
2296
1700
4032
-1058
-2765
-199
-1312
1070
2296
187
-2394
-3315
-2854
41
-2220
-2473
-230
-117
-439
-1929
265
-1739
-2404
-3881
-2411
-2330
-1261
-1967
38
-385
104
-1809
-1487
777
1984
2870
4296
4568
3047
3943
895
-696
2902
2183
-728
1098
5450
4953
2088
-434
-743
-1422
400
-938
-2685
-3187
-4740
-4681
-2780
-1081
-4328
-3066
-694
-1399
-2346
-170
-721
542
1011
-478
-748
-556
-5128
-2091
1192
1148
1472
2000
2953
3279
-110
1923
4184
7906
5007
3979
2406
3770
4079
-1827
622
1862
-946
1025
1774
1203
231
-506
10
20
-1875
-5289
-305
-1483
-4456
-2874
-1932
153
-2645
-2933
-3329
-1695
-1048
57
1309
4277
362
-2156
414
2341
3201
4759
5971
2706
1231
4701
5068
2326
30
1157
2247
2745
325
1397
4089
957
-528
-1141
-1977
-2797
-902
-2193
-850
305
-101
-411
1033
-951
-1747
-2065
-3065
70
-3931
-2476
-753
-1074
-2226
-2105
1355
690
-1033
-2546
2635
993
668
1179
-1159
1426
2816
1449
-1764
2284
2887
2569
2258
2989
1537
1460
-1230
1059
1278
2832
189
1370
1797
264
-1142
-880
-1289
-932
-1884
-2052
-883
-1363
-3331
-1179
2737
1998
1114
729
-1035
-2809
-3852
1023
525
-653
-2047
-766
-2508
531
1958
138
-1263
-1181
-598
1258
695
-857
908
3700
4631
5712
5909
5684
1583
-1104
-775
249
802
1017
88
-1948
-3610
-3236
-2024
-489
-1320
-1932
-131
-3493
-3331
-1648
-4136
-3798
-3205
-2705
755
-2436
-3472
-1539
-3703
-3549
-135
-1052
-2842
-3886
1190
5267
203
-805
3018
1136
1286
4343
5177
2698
228
4502
3342
3581
2175
-405
282
1573
297
-2077
1221
904
-4609
20
680
-1633
161
-2113
1114
-693
-737
-2473
1092
-2856
-4728
-4428
-6256
-4711
-4515
-2691
-3076
-3838
-1398
-2319
-3698
-3414
-1718
553
596
664
2205
1288
730
2734
-1458
2270
3062
1782
1316
-1992
-2468
-2486
855
2724
2920
3108
-1846
2662
2577
1127
3023
1905
469
-162
-883
-3192
-2355
369
-59
-2039
-617
681
-156
-1753
-1840
2156
2146
-428
-1429
-1231
-1234
3155
-604
-4059
-1787
2141
-581
-5189
-1940
-273
-262
-1689
-2295
-196
-1726
-1223
1717
1117
216
-705
3429
2767
-27
2632
3171
2073
2844
4100
1611
1615
-2189
-683
1665
-1258
-120
-2045
-4299
480
-154
-4140
-3548
-3599
-2856
-1981
-3855
-3473
-1231
1255
3552
3261
2342
-2304
-2868
-1202
-978
-27
-601
2444
15
228
-3755
-3885
137
-3062
-176
3556
1936
867
2055
3041
1556
2339
6334
3132
-803
-672
5910
5642
344
1332
1084
1114
-3624
-5135
294
912
-2538
-272
-336
-359
-410
-2520
-1250
-2474
-1859
984
3575
1498
-2185
1360
3417
916
-269
-2735
-1096
-2760
700
108
-230
2240
3319
4455
3161
-638
1125
3027
3474
2676
765
3207
1437
1361
-569
698
303
214
-1191
-1479
-1123
-1462
-1403
-5000
-3479
-478
-2015
-2996
-3444
-1486
-242
292
5803
3914
1791
628
1765
991
-761
1519
2013
4211
2928
417
1874
-1985
-1697
955
1960
5093
3438
-2247
618
1977
991
3762
393
-96
-839
97
4548
1574
402
445
507
-2006
-1835
1843
1580
570
-1970
-3542
-2514
-1723
-2776
-4346
-1139
-2753
-1238
-1273
1497
-793
-542
1947
478
10
1773
6917
3821
2671
1863
-155
2791
3372
782
1151
-1698
229
1548
-1748
-3818
618
210
1496
2287
926
1324
342
-2465
-3778
1694
511
-1928
-4024
-1743
-1954
-908
150
-2771
-690
-2252
-2689
-2633
-307
542
-801
-38
667
1260
568
1801
240
-1700
-550
-850
-221
-1002
1058
5181
2421
-2693
-1753
2016
3275
298
1787
3003
4475
4921
4599
1895
3918
1807
14
378
1103
-1116
-3911
2236
-471
-3302
-1535
-1995
-3679
-4730
-3374
-762
-2373
-3924
-3340
-3575
688
-2643
-2090
-1640
-1106
-1132
616
870
-2435
-774
1788
790
-1057
-3022
-2203
-808
2337
897
4285
4180
4840
2501
273
592
-453
3166
874
530
1907
1232
3628
-18
-1967
-869
-1074
-1993
-2358
-2803
-5520
-4813
-3261
-4494
-1478
2409
810
-2674
-2532
265
-1510
-2827
-4286
185
413
-2283
1165
1830
3711
2162
3944
3557
2071
2048
790
3125
2472
1565
1903
669
95
-2524
-1914
1279
341
1320
-345
-1616
-2739
-3391
-2109
-825
-370
797
741
1704
121
-2680
-2592
-2266
-3653
-901
787
-1801
-1468
-757
1606
2361
2934
1799
983
1391
-485
-1234
429
-849
-651
717
1141
2893
846
-1358
-1188
-3525
1169
1356
-3369
244
-319
-87
-720
3025
2314
2533
-563
-695
1248
-2240
845
324
1488
-879
-514
2130
1721
-690
70
2282
771
-1691
-1310
-2882
-5602
-6893
133
4155
2968
547
-1096
-1360
-3396
-772
3112
2958
1057
-935
554
4339
3486
1922
2637
5460
5286
2369
1087
-2313
-767
441
396
528
-1580
690
1691
-1032
1437
-136
-2907
-635
539
578
-1265
-3547
-18
3762
-1097
-982
-557
-1523
-3418
-3630
-662
1645
276
593
458
-837
232
1677
3066
-143
1991
3136
-996
-1575
-390
1442
876
2816
2935
1044
1193
2372
2471
2719
662
2123
5178
152
612
2237
705
-2525
-2049
1838
1079
-2523
-4391
-3970
-2903
-1974
-2448
-4820
-3790
-4092
-5208
-2939
-1910
-3397
-3881
885
2393
812
-1489
293
2058
1094
2135
2070
3674
1686
1964
828
1649
1672
2404
1062
1098
1890
2339
5312
2339
2412
2950
116
1
-3667
-1056
-2438
-3735
-3118
-4053
-3041
-4096
-3079
-4964
-5067
-201
1487
-178
-954
291
-2136
-302
-874
52
-301
399
1916
-942
997
89
2042
-964
82
1640
2763
-126
-438
-2915
-2414
-1663
388
3612
931
170
-74
1014
1530
346
633
1896
15
-793
578
-123
980
1522
869
-175
-1285
-1805
112
-2546
-2680
-1426
-880
-1684
-3742
-5365
-901
491
-1514
-2674
-75
581
-1356
35
6
2429
2681
551
-1481
-1592
-1726
-81
-2326
-1155
1368
2864
1523
730
-1025
-39
1929
2992
915
575
2959
3215
285
-57
552
1556
278
-87
-1059
-2559
-3895
-2912
-1072
866
-925
-2889
-2088
-3691
-2512
-4225
-4219
-1346
-2884
-399
-706
-2466
-1096
104
-1966
-3157
176
4064
1725
1793
4473
2436
1416
784
3226
1693
2581
3294
-637
235
3203
2520
1887
287
902
1627
24
1855
2953
739
-1745
-1904
-240
-2346
-3064
-1768
6
-1180
1181
-888
-286
-1262
-4733
-1965
206
-1083
-3021
-500
-1120
-932
-2478
189
741
82
-2037
-175
1926
2424
568
4876
4353
2900
4246
3406
2181
-1806
-947
349
-1404
-1537
-1951
118
-571
-35
888
937
-2293
-3753
-750
-1316
-1215
-1282
794
2207
-1516
-1030
-3017
-2461
-2462
-2835
-1320
-546
-1502
-252
766
-3808
-2850
-4285
-2029
1324
2497
1564
203
1079
226
2112
1873
3590
4888
1395
2251
3972
4235
3566
5327
5173
3345
3280
3892
3197
1270
2099
2253
-2143
-4875
-368
635
-3347
-1860
-890
-2085
-2186
-3703
-4439
-974
-771
-1206
-1860
134
-1675
-2602
-5102
1028
-2034
1889
4041
940
1521
451
2732
2743
1685
-68
1706
3433
1896
2227
2390
2263
1141
1926
-1656
-217
1552
-1550
73
-1420
-783
-300
-571
-298
-35
-1645
-807
2364
2226
-1268
-3288
-1252
-428
-3288
-2893
-867
-1999
-614
1372
-14
-3326
-755
1207
-1639
-2008
181
1321
-230
-1131
-2114
-1424
1005
4040
1668
1607
4523
3641
2182
81
688
2841
361
445
524
2089
1659
867
-28
-2282
-732
2826
-127
-5116
-2287
-1517
-2081
-272
-696
-3340
-4203
-1894
1300
1601
-665
-19
1170
311
-2966
-383
1938
398
-564
423
4078
1655
-3278
-1175
1249
3285
506
976
-472
1141
1665
3855
744
1
2356
6007
3583
-467
538
-3642
-565
223
-3969
-5685
-1912
1711
-4005
-3015
-2041
-2443
-85
-638
-2386
-1167
-1501
4367
-943
-546
769
-628
-464
-1834
3878
3144
5670
2590
1235
2841
775
2891
1013
1875
-146
1888
4088
5499
2599
2442
4855
4347
4918
265
1029
2991
836
-2701
127
184
127
448
-1101
-1113
-780
-2952
-2429
-2342
-2540
-847
958
-2770
-4013
-3083
-3676
-2191
-192
-701
-623
-165
-637
25
1512
2078
3798
392
486
3845
3437
130
1373
4520
5781
1205
1545
733
-616
-78
1003
1529
-1926
-944
-1658
634
-3112
-3272
-2338
-4232
-3376
-153
1972
-499
252
-810
-381
-2730
-2567
-1080
-441
413
-555
791
1464
-581
-3634
-3545
-800
-2453
-2208
-2904
-2687
208
-852
-1291
-251
1554
1239
-790
-635
-1218
-136
-415
1552
1534
1763
5018
3991
2318
2801
3764
-645
402
5271
3756
1199
-2627
-1208
-1520
-2822
-2414
-2515
-3436
-3636
-5839
-5532
-1445
-752
-3219
-2887
-682
-1707
-1868
-815
-1660
1781
1166
2095
-1107
721
4774
6453
2405
1702
1774
1432
1526
-336
2626
2404
4379
637
-1024
-1305
2314
2769
-1009
-639
-993
-3945
-3822
-713
317
-1435
-2344
-756
2923
695
1203
1554
1545
1955
-158
-1379
-2933
-1877
-1051
-462
1027
-2247
-4088
-2459
-1114
-1800
-2282
-1660
-1447
52
-450
418
-2239
-626
-1508
1734
1682
3448
4433
2576
2780
2276
5097
4050
3546
5761
879
1274
6567
4048
-96
-2299
1182
-293
-2387
-1841
-1963
-2597
-3448
-1550
-3811
-4018
-639
624
-1530
-1717
-1331
155
-2395
-1232
-3375
-3847
-2803
-3479
1575
1922
2740
2031
2014
263
2958
3283
-52
668
2590
2706
-472
-3241
-3166
-1140
-6
273
1460
-1709
-1977
-827
-299
-691
784
2184
-1999
835
2206
676
-370
-1529
-1806
2741
1825
1418
2426
637
2331
1642
990
635
3230
279
-3710
-2143
-3398
-5059
-1942
1621
-109
528
-343
-3433
-1015
3114
6108
2821
4382
1925
4162
2604
3560
2881
1303
3771
941
3005
4704
9
-3287
-995
523
-452
-4811
-5426
-2979
-5223
-2640
-355
-2538
-4859
-4187
-5468
-4758
-1903
-2413
3947
1810
2340
3406
3701
4155
1161
1917
2017
3521
2147
3025
832
-2405
503
-1248
-2357
-3173
-1832
-1758
-3004
-3704
-4760
-772
-972
-4328
822
-279
-143
947
4401
1209
-2336
-2553
-968
-808
-5014
-6151
38
1347
-4331
-2229
-3774
-4046
-2627
-4687
-3820
-4381
399
-930
-87
-1751
-1199
1388
-837
-992
3054
2743
4350
2319
4466
1759
423
3320
5697
5565
2191
4196
480
1897
2420
1446
-1231
-2457
-1056
-698
1575
-828
-1907
-3887
-1440
-1988
-3787
-1250
804
-936
-3493
-1474
-757
-3085
-3882
-1892
-1857
-2246
701
2297
2532
555
1295
451
1878
3505
1641
2097
1523
4434
2830
2959
560
-690
2405
4948
3216
2076
224
1746
-655
-49
314
2703
267
-1450
1465
3505
2385
-158
-331
-1715
464
-1731
-2926
-3236
-297
1415
-1676
-2466
-1505
-3760
-5291
-5458
-3234
-3187
-5073
-3474
-3442
-677
-3
135
-1642
-2273
-1946
-108
3752
2620
3857
1845
732
3562
3909
4238
2944
3573
854
1208
-1117
3064
1852
-1216
710
3164
3699
205
1070
779
460
-1284
-448
-1826
-1318
-2017
-2102
-1151
-678
-1556
-1114
1846
-1855
-126
820
517
-3373
-3019
618
-198
-3199
614
297
-1907
3438
3079
1805
-90
2142
4418
776
4606
3055
3629
5194
2050
2772
4200
2490
3585
2373
1353
1331
-576
978
680
131
-272
-2421
769
-629
-1279
105
-2901
-4869
-5145
-4934
-3089
-2973
-1242
1594
-355
886
1437
669
2223
-1052
-33
-1516
-921
-1188
-1441
-2938
606
1593
-2508
1874
-478
-947
2800
805
2317
1977
2848
-2367
-1156
-1349
-355
313
2664
980
129
975
112
722
579
3115
1946
2816
680
1326
593
2360
-483
-3187
-3463
-2668
-1202
377
-220
-4112
-4504
1031
4003
1738
1495
-94
-1406
1317
6071
2466
1505
-758
-2243
-2043
41
2371
695
906
-1656
664
-632
-1051
528
-950
-1817
-2704
-3052
-2244
-179
-3186
-1136
-942
1617
-2510
-3044
978
-1345
-2554
-3305
-3363
-3434
-1609
-3057
-682
1035
130
-1610
-3130
-2319
-584
-539
-141
820
849
1600
500
2194
2757
6143
3045
1025
4527
3724
618
166
1286
1867
-249
3383
1888
-1467
1534
1646
-2564
-806
1159
-489
-1814
-5400
-3481
-2040
-4715
-2364
210
-1771
-2971
-3683
-1997
-2563
-3268
-1319
-748
2025
2599
1593
2144
1300
-342
2711
2653
2216
206
-1539
1739
1201
1073
2255
3178
-7
-2562
2440
646
-318
763
2014
2606
1058
2787
3842
1890
779
1691
-486
-1459
-1321
-1216
278
-230
-124
-3906
-4668
-4192
-1859
-4039
-6601
-3566
-1750
-693
-1504
-1477
-1953
-2071
-3638
-1800
1101
261
3472
2493
3835
3305
4912
3440
-989
31
820
2899
1073
4671
638
1062
4384
799
1641
4940
4759
1152
1543
197
-810
-2011
-1290
-3020
-2899
636
-3559
-5949
-7083
-2639
-2817
-5962
-4880
-5257
-2756
2307
-555
-3647
-1814
-1154
-60
-2593
1431
2130
-1393
-131
439
-1412
170
1058
-2294
1834
656
1217
508
581
1889
-2388
4443
4811
1177
1805
1157
3546
2403
4225
1758
-1173
308
111
1737
1921
-31
-2091
-1515
1693
-1711
-611
-3163
-4048
-1241
-2305
-3632
-2575
-5105
-5786
-3969
-2576
-5682
-3264
-2160
-2692
-164
-954
3349
3030
5023
5796
3593
3945
1854
4271
1071
2211
3362
20
293
672
-546
-5124
-1673
1050
-3469
-3802
-1317
-1394
-1848
-832
-2073
-850
368
-25
2409
2277
237
407
792
1749
2279
-1886
-1587
1080
2094
-229
-850
-609
106
-1575
585
2586
-1129
-1493
47
2176
1476
2370
3392
691
-415
398
3780
1067
4105
5594
3470
-251
-1179
451
-1344
118
-2038
-910
-413
1760
2499
-976
-1854
-1205
-1051
-1707
-2337
-2831
-1640
-1175
-975
-882
-452
-588
-976
2617
2668
3726
1533
1489
1367
1084
291
-35
890
1564
4465
6183
4751
5311
2736
2302
-671
-145
2492
1535
1183
-2979
-2575
-1093
-3875
-2091
472
-3858
-2501
-1967
40
-961
-2161
-1650
-365
1150
537
-29
-372
-1280
-746
-1630
-143
-2292
-1330
535
-1313
-2269
979
1588
1494
2822
3094
4062
3306
2776
6964
4452
2356
4492
5258
3362
2249
3269
2702
3737
2850
2027
2803
563
2001
2651
517
-2089
-3217
-1269
-5323
-5532
-3660
-610
-2015
-4025
-6760
-4906
-5801
-4427
-2121
-1321
-2706
-3768
1232
-930
-2698
-1310
251
-1972
372
1029
-207
4001
3171
4391
3141
505
900
1863
5061
3094
784
202
1291
1811
3702
3489
2500
3016
2272
1377
-1011
268
830
83
1532
-3532
-1256
-2198
-3605
-1013
-559
-2733
-6439
-3831
-3613
-4883
-6008
-2745
-1368
-3152
-2570
-3034
1800
527
-1913
232
1043
-638
-3064
1679
3567
3085
2147
726
-1124
2270
1808
2442
3530
1941
1117
537
3470
3058
3726
3325
1646
6412
2094
3978
3105
3260
3405
-1877
621
-1131
-2054
-1215
-1191
-1576
-435
-2352
-1608
-386
-2690
-4449
-2221
-2772
-1831
-1111
-28
-440
-954
263
-1034
682
-1257
2112
2129
377
840
-3493
-3234
1210
811
716
2740
1809
716
1316
1559
160
2159
4229
128
1516
-398
1712
1386
1755
1003
-96
-237
-473
835
-2206
5
-69
-223
-1674
-446
-1904
-2346
-1140
-2918
-2155
-1820
-2741
-2712
-4577
-3947
-432
-1827
-1133
1530
2478
1581
2247
1092
4540
6553
2905
-170
-1529
-577
1032
2474
-267
-651
2122
674
683
-285
1294
1273
1634
751
-2330
-1246
393
1008
-663
-859
-1347
3412
470
-2355
183
-2384
-1788
2931
2530
1545
1816
-2376
-562
1216
-1672
2399
2104
-984
-2777
-5073
-738
2567
2093
-1259
-2275
665
-308
-924
1455
2669
-679
-891
-912
702
2227
-1804
-458
81
-874
-2276
-1051
-3878
-3987
-4028
-1213
-657
-1825
835
1337
-1303
-1682
265
1466
2172
570
652
1916
2216
2259
1867
-1607
-340
1447
2948
1168
-570
2160
2744
59
-208
2450
3146
5601
3019
659
1665
713
2426
248
-326
-1735
-3863
-2473
483
2245
2072
355
-1654
1043
-108
1125
285
23
-1720
-2534
-1013
-2831
-3536
-2573
-4945
-3854
-3335
-2769
-1345
499
195
380
-879
756
4752
5211
4436
3337
3298
3813
3841
4799
1383
-309
1025
1710
1056
1937
3839
814
-421
-1830
361
123
-2677
-1405
-1875
-2858
-5066
-2232
-3435
-3702
-1992
-2111
-1139
-2166
-3360
-2975
-3725
-787
-2300
-335
1645
-3494
2
-128
-2103
-1309
1069
116
179
-1423
-2514
-4380
-5364
-2996
837
-1184
-1443
1637
2382
4219
12
-1303
2073
5432
1932
-2805
3
1636
4766
3780
-468
-1874
-2039
-5544
-3467
-3784
-1431
-684
-2819
-5504
-5772
-6987
-5822
-2168
-1602
-3849
-2322
-3986
-3554
-2083
-3206
-4725
-5732
-2924
-700
2253
1872
4933
4428
3712
886
-631
-1192
365
1637
4986
6389
1428
2635
484
49
159
1244
2929
94
893
-395
-2285
-2738
-1776
598
1229
130
28
-1568
-1198
805
1132
20
-1108
290
2446
177
-1922
-2296
-1221
756
-1134
-2803
-4559
-2937
-3156
-3945
-1549
-629
2191
2005
-3858
-159
4622
5011
1997
2249
3817
2195
1466
1848
2952
2579
3912
1214
1440
-478
582
1304
-3190
2065
-3011
-2849
2161
1854
562
-816
4245
3268
168
1872
1124
782
-1719
-1441
2453
2434
-973
-1215
1933
1736
800
1579
1659
-780
-2005
442
2723
1392
2338
449
1892
2866
1700
2460
-20
-1202
-208
661
-4320
212
1874
1335
888
206
-676
2096
3463
654
-2098
-1260
743
-2164
-1418
-1425
180
2373
2018
-2184
-2289
-2398
602
-2399
-499
-1974
-678
90
-1576
-1478
-1572
-1810
4675
3718
4202
403
-2286
369
-1980
-924
3653
3199
489
-1324
-1158
-156
15
2828
-1129
209
2027
-201
-1825
-2434
-1562
-1781
-3715
-3132
-1966
-834
-979
-1778
-1857
-3212
-961
678
-1943
-2678
-635
1117
733
1993
1656
718
298
-1528
3431
1126
-1466
2835
1458
2575
2746
-9
1509
-527
2811
-706
35
-323
2584
3873
2706
3823
661
-810
-1117
-2278
-1500
-28
-1890
-585
-278
-2509
-5699
-5512
-151
-709
-3579
-3818
-4312
-5708
-3631
-1202
-2666
-733
-2182
-3200
-2308
-2329
-1177
-2272
-419
420
-2725
-304
-39
2890
-61
1696
3183
2456
3589
4382
-221
649
1014
2482
-802
-1012
3271
1116
-817
65
141
818
1057
-139
-1126
-1153
-3841
-3024
-599
-296
-88
-5518
-2286
-684
-2962
-4280
-1833
-4523
-5664
-3041
-2201
519
412
3427
341
1444
-484
-235
979
3330
180
-1428
1536
5281
2906
996
3665
3411
3604
3290
2822
-311
1172
2085
4224
2294
598
3625
2469
1782
2611
916
2857
2026
-846
1620
1367
856
-1684
-391
-1471
1142
902
1420
-2312
1591
465
-3262
1390
1673
-323
-1290
265
999
257
-212
3353
2513
-1775
-811
728
3606
2122
1722
3956
5419
4486
4686
3016
3602
1002
647
96
2215
2499
-2498
1180
1002
835
639
2161
3814
-1153
1308
1870
1640
1990
8
2546
1111
147
1390
141
-1513
-1939
-3391
-1144
-2099
-3020
-395
353
546
3289
3988
1567
2938
2039
1200
2282
3126
787
3392
2381
2672
2480
1674
2570
3146
-1799
-4729
-3047
3064
-383
-3660
-4316
-1962
-1537
1606
240
333
-1987
-3144
2481
150
-2762
-2321
-967
-1620
178
3659
-281
2665
3119
-441
1132
-248
-3450
-4603
-1322
400
424
2999
-203
-955
157
1647
417
102
2262
2532
837
-23
1760
2200
1039
-1366
-558
564
-487
-3313
-3465
-1233
-1366
-3540
-3948
-2349
-3660
-5397
-4910
-3384
-1575
-3569
-1475
-1762
-4228
-2722
-2731
3778
656
1717
494
3011
3592
1497
-965
1072
2715
107
1669
2245
2139
1342
-765
-1753
-3632
-1492
392
-1669
-1429
2326
1226
-1191
1733
2982
4063
1965
346
-1261
559
-1247
103
-4376
-3724
-2418
-1243
-4504
-1344
-1185
-348
-2747
-4822
-2413
-3410
-4445
-2399
-732
-1441
-3081
-1331
-1417
-3859
-2080
-2802
-897
-1161
874
2862
2522
876
2591
991
2211
4269
3456
4277
3192
6194
2095
-747
612
3771
156
-3988
-2203
440
1394
846
-1147
-3145
-371
2980
-5729
-4545
-2700
-3795
-1455
-2605
-732
1390
-1434
-5644
-2699
-3682
-6559
-5309
-2324
-2075
2127
-11
1242
1061
559
1271
-1003
240
4077
2126
-866
-662
242
-326
487
4063
4017
4346
1151
2668
3960
297
-88
808
2755
1389
-23
3174
1065
-745
341
-874
-1488
1891
-580
-4031
-4631
-5100
-2341
-2631
-1344
-1245
-2897
-1764
-4609
-2930
813
-48
-1251
-2509
-1941
-522
2372
1248
3240
2646
2253
3475
4930
4204
1665
4533
6257
6454
5072
2879
4683
3315
1285
450
755
-4648
-803
-726
-3764
-156
-1607
-704
-238
-2183
-1264
-1627
-2013
1341
-956
-448
-1828
-1032
-1547
-1778
-483
-1418
-1682
-1833
27
-744
2490
3655
3550
3257
27
1237
3930
1571
1068
-3296
-865
-325
-2302
-1403
2263
1963
676
1441
-980
1785
210
1338
-68
348
2684
-1508
-2259
1003
2642
-1301
-4835
-1809
-534
-1105
-2550
-154
1477
1866
-1393
1415
347
994
2266
-1518
880
2460
3147
1412
14
1496
451
1866
3898
3649
4905
-1413
-1162
1835
3032
417
-1310
-1201
-1353
694
-1035
983
-1637
-3622
62
-341
-22
2232
-555
2268
-191
-3868
-2884
-2195
1146
1957
-2560
-5872
-5776
-2551
170
-3139
-2398
-1456
974
-1264
530
2255
318
350
1390
3016
3518
1552
1891
4424
2850
-472
4066
2704
1377
1698
-618
1878
2765
959
2210
2275
-2633
-4018
-1689
-1086
-3981
-936
1998
87
-2115
-2476
-2283
-2519
-3316
-2112
-1957
-3294
-2231
-1588
-1560
180
-2924
955
1830
2614
-1434
-4129
-692
3996
3424
5
1746
-759
4853
2540
1259
3574
2318
5192
5117
5617
2695
2893
3562
6614
-305
1564
3735
-2164
1598
-1856
-2401
-1598
-1512
-1733
-5087
-4772
-1019
-990
-1623
-1002
-2451
-2947
-2676
-3395
-835
3744
-966
-6871
74
1409
1385
46
-3816
-2216
673
583
-1979
-4346
-2169
1365
707
88
-250
326
2484
1565
749
2221
1129
1891
3503
3147
-403
-789
3304
764
-726
1185
4562
5355
213
-2347
-1478
-1285
-2825
331
-152
-1183
-4614
-3633
-432
-1911
-3148
-5188
-3551
-2546
-5410
-3392
1693
-2003
-5054
1937
2314
2406
3094
5734
1867
502
-584
768
2047
1010
-242
324
249
-1332
483
-1653
2908
2544
3441
-463
-863
-3505
-2987
2267
4956
2113
635
21
-1534
-3450
-5600
-2105
-912
-2653
-3994
-2777
-4492
-2755
-465
801
-628
-415
1373
307
-1752
-2232
-3151
-2477
-829
-949
2083
-1072
-1591
-215
1878
1626
-5112
-1642
-287
963
-540
147
-1076
3650
3695
511
4085
3068
-1826
-483
2410
-129
-138
-14
-3722
-1563
-1096
-2550
-4202
-6953
-856
717
-1453
-4288
-778
2079
-1232
-987
1988
3060
1226
422
2213
807
-3511
-2297
-3161
-2173
-538
-898
1176
-273
652
842
3125
-1944
-1853
1997
3635
285
-62
4226
2697
-1484
-386
929
-3420
2075
2304
-1242
-5610
-2389
799
-2209
-2348
-1978
-526
734
1200
3693
1264
-2971
-2388
-1470
246
2971
1786
-475
665
-781
290
-179
1376
-715
-1263
3521
2075
1845
-3826
1001
5895
3705
3035
1818
-1261
515
-2686
-2127
1542
-1291
-675
-247
-459
402
2096
3465
1830
2240
319
847
-1493
-3816
159
-1427
-2296
-2328
-1356
-1381
-496
-2809
-1060
-2242
1531
1278
-1725
-5628
-1819
3333
5345
3376
1883
3105
4880
3470
847
1147
6324
8021
7231
1832
1883
2637
2077
1688
2955
1176
1138
1462
-645
-1007
-2008
-513
-552
-3880
-1245
-1217
-6238
-4325
-426
1208
198
-1420
719
-418
1456
363
-487
895
140
-1762
468
1114
2037
2344
3565
1793
-1740
277
238
1635
899
1030
3127
3601
4738
2616
3980
4333
2815
4040
3801
261
-5
-119
-1646
-974
-633
-1005
-1099
-733
-959
-3361
-2335
-2829
-1410
1915
-3440
-3903
-1121
-102
-3810
-2189
-2180
273
-1144
-274
-878
-3245
-86
536
-1093
2810
1961
-2685
-924
2504
4385
3521
-939
2705
4085
69
687
3635
4622
4938
189
39
3955
1807
-294
2469
2477
1694
2242
3061
-1757
-3033
-844
2851
-524
-2070
-619
-3347
-3061
-3365
-3052
-753
426
-4225
-1082
-170
-2231
-2122
1183
1397
-1435
-661
24
2175
2137
2397
-2259
-1493
-308
818
-1388
-2198
-1197
-1133
-1494
-1950
2288
1024
-1225
-1709
-635
3171
3906
2705
1885
-217
-622
394
1529
1787
3967
1670
51
-1578
-3781
-2124
-2108
-2651
-1315
-4311
-4751
-5820
-3473
-6711
-4250
256
141
-1636
-4310
-2113
479
1197
-509
2251
4377
320
1658
414
1224
4114
4180
3736
984
-1387
132
2600
3081
427
-173
733
351
-4211
-3708
-539
-1871
1326
-1178
842
829
-3175
-3994
-1839
-3747
1327
2756
-1673
-1127
648
2426
1955
1398
-72
-622
-3820
-5234
-3149
-620
2794
826
1077
138
332
-365
-2166
-1830
1478
1349
581
1021
-846
-406
-1582
2827
4089
1453
1772
1913
541
-396
-922
677
2244
-424
147
-1805
-2524
-1434
-1225
-2565
-2710
-169
-5053
-5620
-3348
-4
382
579
77
-856
541
562
2883
3424
3102
4092
2730
-1425
1032
1052
-836
1631
4795
1658
-491
1280
-1685
1680
1280
-1746
-129
2616
-317
252
-2920
-5629
-795
1564
2318
-1257
-821
-2767
-4286
-1759
1538
970
90
-1017
-1461
-4743
-3463
1509
186
-2393
-619
-2079
-4629
-444
192
726
1018
4549
4479
845
-167
689
818
567
2395
3916
3765
5249
3058
404
1881
509
1831
2776
1026
687
757
-601
-3514
-3176
-430
-3724
-1742
-3501
-2861
-1871
-171
-1092
-205
-967
-2848
-1655
-3252
-1954
-1206
-901
-331
-2668
-2254
-1110
-3783
-2285
-1108
-20
-3632
-724
3007
3810
1319
86
2181
2632
2507
2356
5230
2854
3862
-537
-90
4495
2983
-1538
1519
2189
-1683
-3454
-2904
-2369
-2189
-41
-2467
-3054
-4540
-2047
-2868
-1443
-2405
-4423
-2234
-4912
-2637
-3463
-431
-1148
-3300
-960
-2234
-4212
-2488
-1907
-5274
-1688
2556
484
-16
-316
-411
477
1617
-1179
2877
2890
463
-531
-1732
-1070
2079
2363
2678
1236
-1659
-1236
1324
-271
863
-163
-5388
-713
-532
-2815
-939
-92
-71
-634
-5547
-4464
1639
-3540
-2051
-3273
-1652
-3428
-3181
-1948
92
-1174
-2159
1360
1200
-776
12
1060
1480
-455
153
4234
1888
-175
-1030
-583
1906
3474
4008
3002
600
-90
185
-105
-2548
1642
1099
1025
254
-2166
-2802
218
3678
-3152
-1826
-2057
-918
1611
1060
1354
627
1856
1466
1730
1589
1474
4845
4829
3836
740
329
-590
-2257
2753
2513
599
206
1010
779
201
-336
625
1935
-1054
112
1872
-3340
-1250
629
1074
1599
2239
1449
892
1541
-508
2527
-602
1667
-208
-94
-2040
-407
2628
1105
312
-568
-211
942
2208
1068
774
257
1253
3376
-285
-1616
1006
834
178
4871
5711
3474
1801
-883
921
2343
4569
5999
4093
2544
-1214
-651
1465
1163
2937
5069
2664
-552
396
-1197
-1648
-1805
566
-3790
-7360
-2921
-2497
-1505
4213
193
367
3420
2632
2033
1720
3151
5145
5040
1806
3075
2976
1507
-4460
-3382
-676
3041
2949
883
537
-774
1492
2338
5772
2658
2900
729
-246
3044
3753
5314
6826
3729
1997
831
-3344
1391
312
360
-757
-3638
-1570
-4055
-3681
-3904
-982
1596
500
130
-383
-477
-2407
-1310
-851
2203
-449
-1275
-968
-1194
887
1812
2182
1419
-3812
33
1940
3580
3866
3635
3649
2965
6396
6965
8290
6299
3361
7333
2746
464
2937
4040
-3564
-3419
3366
412
-4963
-2651
-2918
-4559
-2524
-1468
-2098
2268
-766
-2637
-2957
-2632
-2943
-2131
-4263
-5629
-5059
-1706
-4377
-5691
-1525
-2179
-7599
-5069
351
3310
1758
515
1951
-1369
-763
7040
5095
4250
3908
2308
4387
1936
340
5618
5948
665
1042
622
2134
-397
-760
3147
1361
-3616
-1681
1559
-3852
198
-566
-1868
-972
-1072
-2706
-6904
-5780
-1652
-1433
-4691
-2996
-1680
-3596
-1824
-744
-1969
711
2521
-889
-5031
-4251
-822
2029
2878
134
-2932
-3485
-850
-3145
-827
-1533
-535
387
-51
-2265
-2241
-1081
-1274
1000
-2099
-1907
2185
2337
915
-3895
-2282
39
-366
-1193
-2460
-5267
-3542
-1175
-3772
-5000
317
-4990
-4498
-2527
-1957
-1203
-584
-2214
-4444
-1738
-2314
-1107
-2389
20
-3014
-2298
191
2888
-259
-2186
1484
2460
-194
1345
125
-416
-1058
-880
3796
1604
-3797
-5964
-2019
304
-4778
-2565
-1251
-2553
-3902
-2846
851
-1176
-1521
116
-1886
-2595
-3167
-507
-1176
-2614
-4914
-2758
-2284
20
4304
0
