-223
-66
507
500
478
488
355
674
618
692
810
846
1001
771
868
955
778
1283
1192
1410
1650
965
1438
1221
1002
1388
975
1034
1065
861
687
466
441
367
183
-132
-241
-310
-346
-440
-885
-1053
-862
-1075
-1264
-1296
-1433
-1209
-1220
-1125
-1002
-855
-674
-696
-635
-669
-546
-405
-451
-449
2
54
125
500
456
421
394
406
716
429
138
394
444
200
39
341
-181
6
354
271
540
396
695
757
735
764
841
885
724
1014
1283
1211
953
779
786
537
409
468
286
-50
-79
-58
-353
-369
-511
-846
-954
-670
-756
-709
-402
-718
-834
-751
-645
-764
-567
-210
-563
-360
-336
-417
-273
-517
115
-21
-286
86
-28
208
145
8
76
-365
248
278
-175
106
-396
-214
-94
-437
-305
-66
-33
147
164
286
486
331
623
1008
494
784
986
558
786
231
272
121
-200
-45
-469
-735
-687
-603
-545
-578
-895
-835
-763
-897
-835
-797
-702
-677
-422
-415
-420
-52
-46
-453
-534
-190
-293
-238
-98
197
275
240
479
434
504
682
1066
1104
1076
1040
1127
786
620
1005
740
1001
793
381
648
638
518
532
430
395
544
372
220
510
204
162
401
-223
-94
-175
-607
-607
-637
-745
-944
-800
-680
-713
-837
-783
-602
-694
-599
-211
-519
-796
-223
-320
-245
-102
-343
156
-200
-364
-143
-473
-184
-260
-318
-266
-138
7
-348
-244
-105
65
-45
49
360
149
297
384
510
481
587
817
521
827
707
503
664
750
687
512
737
472
356
558
337
158
456
427
414
252
325
668
568
250
-62
-234
-708
-751
-912
-947
-868
-777
-668
-660
-595
-741
-807
-1148
-1047
-602
-667
-687
-654
-852
-878
-1119
-1344
-1483
-1571
-1647
-1948
-1569
-1459
-1538
-1064
-1092
-1044
-813
-577
-58
-157
119
292
23
172
176
265
33
150
355
419
524
596
654
296
452
442
183
332
95
-7
179
240
210
-95
236
188
-296
97
123
-97
-11
-73
42
267
113
-107
213
511
515
421
721
1218
881
747
457
94
235
-30
33
-240
-310
257
132
290
194
-81
31
116
168
289
294
376
605
460
443
292
184
547
673
778
780
481
676
683
479
432
518
476
523
831
905
835
553
472
151
-46
101
-249
-63
3
-106
132
-287
-428
-380
-433
-336
-444
-141
54
-122
26
-115
-143
41
106
35
7
224
450
744
454
235
350
-138
-147
-203
-349
-188
2
227
89
227
69
127
150
197
69
-192
78
-123
-84
-63
78
-48
-345
272
103
117
200
81
293
145
573
394
511
510
439
680
339
502
131
330
359
-374
-91
-142
-306
-401
-779
-935
-1314
-1302
-1433
-1691
-1244
-1258
-1072
-711
-961
-654
-447
-341
169
-235
-350
192
-105
-169
163
127
87
54
-114
-182
-386
-610
-593
-1049
-897
-985
-1235
-925
-1257
-1293
-1415
-1664
-1356
-950
-999
-660
-661
-641
-125
-45
38
109
372
705
648
391
702
677
718
668
594
748
775
969
847
1060
1264
1189
1366
1218
768
808
791
580
640
504
427
498
-62
-7
236
-242
-52
61
121
360
424
566
663
791
426
356
186
-286
-77
-171
-441
-586
-589
-653
-990
-903
-795
-1177
-1077
-722
-1120
-872
-710
-793
-468
-760
-709
-732
-603
-610
-454
103
295
684
789
1169
1241
900
871
564
726
950
818
767
347
636
617
438
723
466
279
182
87
4
-113
-226
-248
-605
-379
-416
-524
-43
-281
-302
6
116
4
-74
-91
9
-150
-316
-236
-400
-635
-426
-435
-464
-200
-430
-167
-335
-280
-67
-570
-445
-315
-153
-162
-164
81
-99
-81
-23
-197
8
166
199
451
307
212
705
570
546
725
429
4
-63
-71
-252
272
314
268
543
332
420
545
163
-54
-13
34
-504
-423
-506
-739
-351
-821
-508
-327
-269
-182
-388
-36
-152
-382
-658
-602
-537
-760
-298
-486
-694
-459
-373
-239
-469
-252
-397
-405
-286
-496
-29
455
409
354
357
225
479
542
618
873
1115
1167
1193
1307
1094
1281
1374
1194
1223
1117
1205
1383
1032
1173
847
71
336
256
201
552
715
217
236
430
-265
21
-70
-678
-590
-510
-374
-372
-594
-888
-1079
-1169
-1151
-849
-497
-90
-24
138
413
105
256
182
17
375
-122
-101
53
-395
-267
-241
-147
-243
-360
-216
-365
-562
-284
-377
-252
-29
-604
-253
36
-218
-212
-225
114
165
69
531
447
128
179
-42
-121
-60
-252
-168
-289
-285
-240
-325
-227
252
198
-105
244
-70
-260
-337
-200
23
-46
-69
-60
-304
225
269
-63
156
-162
57
-257
-304
-13
-381
-266
-92
-614
-557
-508
-722
-774
-621
-472
-743
-682
-541
-296
-464
-144
-467
-786
-457
-612
-623
-854
-317
-385
-656
-407
-154
-29
-207
148
21
-111
195
-61
-87
-120
-204
-93
-388
-182
-192
-328
-265
-332
-279
-195
82
40
94
556
725
674
798
781
763
991
471
264
532
485
501
403
396
229
355
347
458
407
501
707
531
640
590
755
439
3
-44
-141
-142
-123
-37
-96
-179
-392
-867
-713
-762
-1049
-1096
-1441
-1276
-1007
-1037
-695
-723
-1039
-995
-732
-581
-519
-242
-331
115
261
-143
-258
-394
-291
-541
-1
6
-536
443
592
655
1202
888
896
1028
1088
1104
1385
1944
2246
2330
1959
1630
1371
1373
1423
1032
1238
1289
881
1005
639
435
407
436
471
-93
262
9
-238
-385
-1042
-779
-1103
-1181
-1223
-1381
-1044
-1317
-1091
-823
-1304
-941
-789
-809
-622
-811
-242
12
14
304
444
333
552
716
290
333
284
254
240
-22
84
83
-53
-311
-419
-158
-331
-125
191
-82
-96
266
311
70
308
131
-161
-24
-11
-94
-328
-319
-507
-916
-1213
-1393
-1265
-1085
-923
-657
-595
-377
-241
21
604
304
197
360
271
158
99
384
518
203
303
222
51
33
-418
-259
-435
-635
-231
-15
-33
405
864
354
332
376
143
492
398
511
626
604
570
269
453
22
358
686
34
423
500
697
869
539
552
367
377
249
-52
14
215
148
54
-54
42
-186
-325
-181
-495
-324
-136
-135
-267
-87
-27
-236
-99
90
79
79
335
479
397
-41
-427
-265
-463
-503
-269
-720
-507
-462
-425
-570
-603
-188
-585
-470
-493
-500
-329
-291
118
-53
108
215
-80
-3
-15
212
-23
-14
20
-474
-330
76
-318
-485
-22
-98
-62
-214
-305
-223
-823
-846
-700
-1063
-853
-678
-716
-598
-588
-633
-423
-513
-706
-477
-376
-513
-176
-244
-301
136
-209
80
32
-307
-28
-79
229
109
-91
227
124
322
281
96
304
131
82
93
-182
-93
-55
-277
-244
-428
-338
-207
-473
-524
-323
-493
-530
-358
-819
-650
-531
-986
-1050
-934
-628
-419
-558
-435
-444
-530
-34
41
36
323
433
442
281
472
611
638
804
637
601
577
620
784
1002
1041
1046
1234
1044
827
855
1218
1287
925
1189
1290
1410
1361
1165
1061
667
695
382
352
341
423
530
218
154
175
161
460
320
-215
-91
-275
-265
-231
-391
-459
-524
-515
-769
-915
-531
-666
-756
-465
-672
-550
-77
-178
-171
-104
-333
335
175
323
770
414
773
857
721
935
849
707
961
942
786
929
831
521
275
-205
-378
50
71
-129
239
81
169
523
506
478
568
1046
809
503
452
277
305
73
36
-176
-496
-554
-1012
-1042
-1495
-1425
-1032
-1352
-1170
-1074
-1213
-1155
-1117
-1261
-1268
-1346
-1046
-1209
-1282
-1066
-1425
-1268
-1112
-1127
-1127
-1032
-785
-962
-784
-337
-296
-348
-9
120
202
625
649
880
946
1031
1296
1156
1176
1505
1036
950
1346
876
909
995
577
620
565
632
696
561
644
395
477
392
450
406
-30
-59
-119
-310
-95
66
-67
-70
-343
-446
-748
-920
-698
-794
-1084
-1295
-1502
-1415
-900
-901
-952
-530
-415
-200
-479
-822
-732
-1221
-845
-477
-419
-108
-403
-562
-428
-397
-572
-535
-252
-98
40
35
137
426
423
424
114
233
286
212
414
338
553
428
166
205
455
398
377
491
568
418
361
422
286
521
759
526
748
924
624
705
610
727
481
693
882
655
757
848
1159
1013
1035
1049
693
477
341
54
-166
-214
-314
-419
-604
-928
-1002
-1060
-1147
-1016
-877
-790
-817
-747
-837
-976
-912
-1092
-1246
-1180
-1347
-1119
-548
-675
-542
-126
-219
-102
-42
-231
-3
138
235
315
90
158
295
208
81
315
294
438
839
718
1035
855
801
983
705
827
289
223
469
199
351
383
397
329
-51
156
161
231
745
405
439
691
35
-381
-331
-514
-255
-607
-1016
-698
-1125
-948
-650
-1041
-864
-1068
-1365
-1044
-965
-636
-605
-850
-708
-883
-740
-714
-813
-452
-427
-407
-406
-446
-513
-297
58
287
405
390
514
207
262
489
423
800
429
517
1130
1010
961
1330
1657
1457
1543
1246
1050
1015
803
622
349
285
153
140
-110
-85
222
246
423
290
293
186
175
626
310
334
445
-138
9
-492
-1204
-895
-1435
-1590
-1129
-1091
-1098
-552
-566
-598
99
-219
-185
180
-273
235
618
267
795
803
546
683
656
655
1097
1163
864
814
1070
912
609
916
725
145
305
18
-77
319
-122
-131
-69
70
-112
-190
-439
-28
29
-121
240
208
527
-58
65
6
-90
325
156
-325
-172
154
-60
139
5
41
21
-182
31
-43
69
9
-443
-439
-311
-600
-817
-768
-765
-555
-660
-547
-273
-429
27
-202
-773
88
62
-430
-189
-251
-289
37
174
-206
208
79
-331
-56
-527
-274
-69
-452
-376
-266
-455
-770
-898
-933
-657
-889
-1080
-996
-1132
-1011
-845
-691
-445
-170
-480
-528
-220
-337
-19
43
-178
-344
-293
-353
-694
-441
-836
-673
-222
-524
-15
-10
-342
56
28
1
162
-77
-246
-175
-448
-593
-373
-682
-659
-482
-483
-262
-216
-14
358
326
430
713
554
503
674
614
708
770
767
961
1008
936
1092
1179
945
1311
1245
734
803
409
-11
329
-51
-151
163
-374
-327
-314
-314
-173
-135
-5
112
87
232
462
409
659
331
517
699
-88
-194
7
-235
-175
117
-115
-5
175
168
214
548
678
651
750
653
801
845
552
603
681
351
282
-42
53
32
-81
210
215
242
570
418
-114
46
-34
-150
-453
-726
-526
-308
-457
-499
-239
-358
-509
-640
-468
-79
40
-265
-391
-290
-580
-708
-1036
-1008
-989
-946
-735
-1243
-1303
-726
-704
-868
-284
-95
177
227
-9
237
337
309
544
256
91
616
478
102
105
132
-119
-163
-157
149
158
-18
330
20
-184
-275
-573
-502
-692
-675
-481
-681
-804
-536
-531
-420
-200
-278
-10
-286
-1
575
-4
347
477
-1
224
347
250
253
285
260
546
772
518
377
778
419
334
682
365
296
278
134
-56
266
266
-110
-34
-60
-26
342
439
375
908
928
717
624
683
752
408
548
468
101
118
28
-306
-573
-398
-105
-214
6
24
106
597
61
-202
101
-534
-428
-205
-699
-520
-425
-734
-765
-510
-251
87
312
346
496
770
664
586
380
201
241
128
191
442
489
243
-20
177
223
-390
-259
-180
-436
-270
-758
-974
-714
-1109
-1278
-1428
-1708
-1739
-1618
-1524
-1223
-824
-533
-102
342
351
442
587
408
755
947
581
345
475
364
162
14
140
146
-75
-217
-145
-89
-35
133
94
-133
-321
-289
-458
-588
-515
-494
-698
-562
-911
-759
-637
-852
-760
-782
-789
-848
-613
-909
-965
-662
-579
-915
-765
-643
-926
-708
-778
-803
-547
-447
-154
31
108
371
395
337
26
-188
-104
-146
75
-37
-306
-135
98
265
296
224
272
602
723
774
833
791
871
935
741
750
797
404
433
779
593
550
702
600
635
791
941
775
517
482
299
39
-66
-155
-319
-55
3
-223
-321
-265
253
68
456
634
388
663
460
668
773
867
571
59
268
-19
69
319
-133
207
43
115
-135
-364
-123
-172
121
-504
-370
-166
-127
24
-109
-459
-107
-186
-492
296
-32
146
505
868
1068
1252
1698
1300
1310
1354
1398
1321
1165
846
595
767
547
397
587
406
230
631
238
61
219
-200
30
-8
-349
-793
-968
-837
-1414
-1509
-1531
-1600
-1145
-667
-878
-618
-331
-783
-547
-773
-815
-907
-618
-658
-1233
-684
-697
-815
-432
-346
-228
142
-356
-342
-133
-423
-142
-147
-243
-351
-531
-473
-292
-608
-283
-337
-347
343
111
340
436
632
713
463
552
597
311
242
201
-55
87
-211
-257
-294
-185
131
-131
-193
305
662
374
420
456
177
57
-396
-374
-353
-405
-465
-689
-382
-735
-652
-269
-249
-43
164
-10
-502
36
123
-459
42
1
-429
38
-362
-654
-70
-357
-696
-279
-548
-863
-504
-683
-551
-279
-313
-302
-198
-263
-700
-317
-215
-427
55
193
434
442
396
764
992
1246
1547
1535
1299
1113
628
700
652
226
186
323
361
360
663
298
416
954
299
384
614
459
750
322
-174
-197
-420
-474
-174
-146
-30
-245
-90
35
-383
-167
-204
-455
-339
-375
-437
-471
-571
-79
264
-136
-62
37
-461
-454
-437
-426
-386
-304
-625
-649
-385
-701
-681
-766
-580
-475
-493
-779
-769
-484
-513
-428
-664
-599
-182
72
-45
235
513
346
613
769
573
495
331
527
639
205
570
742
701
952
812
705
873
711
654
895
411
302
60
-196
8
-236
-399
-215
-282
-253
-116
-384
-169
32
-111
-11
-156
-496
-66
-222
-436
250
-51
-117
-396
-811
-136
-335
-685
-634
-690
-511
-642
-411
-326
-615
-359
-391
-95
-201
-133
83
-54
320
153
-41
-73
108
336
411
247
288
469
637
531
676
866
671
875
827
634
610
1007
1152
1155
1262
1184
1138
1037
812
634
204
-210
-278
-593
-547
-347
-666
-582
-438
-457
-398
-704
-394
-626
-1103
-578
-479
-237
-17
-36
-57
235
903
960
452
190
446
270
63
-304
-380
-164
-333
-83
75
-291
-258
-171
-94
245
255
204
-108
-277
-19
100
-108
175
117
-21
113
-83
239
529
364
218
663
889
783
810
718
838
856
1000
764
517
824
469
349
393
2
-210
-195
-269
-570
-835
-702
-729
-745
-569
-810
-838
-751
-870
-831
-1185
-1650
-1499
-1480
-1817
-1766
-1474
-1197
-1079
-1150
-1017
-776
-599
-470
-171
-285
-560
-518
-543
-824
-953
-977
-915
-585
-564
-435
-78
-263
129
223
-169
-26
-346
-218
189
-164
-342
193
274
401
259
171
470
773
1007
506
912
1049
735
1024
874
980
809
751
636
183
119
-237
-725
-747
-201
-359
-282
-32
-118
288
-22
-189
-66
-410
-386
-873
-1034
-619
-750
-586
-252
-48
205
410
366
255
420
558
261
256
504
254
-39
-21
-193
-103
265
348
289
-46
215
340
11
11
-125
-151
92
-168
-441
133
99
-128
310
644
379
214
186
5
417
489
364
594
982
1085
1059
1031
1009
1060
639
746
659
394
520
291
47
426
711
594
594
841
1232
870
722
625
441
691
499
321
461
194
71
-20
35
132
-166
-90
-28
-282
-449
-663
-680
-537
-941
-777
-674
-942
-1092
-899
-629
-883
-670
-635
-918
-1084
-1181
-1230
-1333
-1379
-1330
-1179
-1007
-888
-547
-14
-241
-531
-143
-328
-440
-106
-363
153
661
735
1019
1001
1059
713
449
289
351
205
145
362
165
424
561
153
496
620
-21
434
425
130
561
438
491
464
-195
-152
-231
-467
-429
-432
-187
-465
-398
-33
-398
-401
171
-116
-256
-33
-350
-334
-435
-321
135
-812
-1170
-711
-859
-799
-1350
-1444
-1271
-1557
-1267
-1008
-797
-636
-583
-410
-611
-742
-654
-375
-162
-129
244
685
920
822
664
974
945
872
1062
707
351
368
695
299
261
829
479
232
432
121
-115
41
180
182
145
286
147
236
458
455
336
367
617
444
162
446
437
85
-120
-7
21
-249
-260
-38
220
141
-12
-176
-65
-24
-295
-382
-420
-504
-723
-921
-739
-896
-735
-506
-553
-129
64
-212
-341
-276
-775
-641
-64
85
261
450
278
583
589
478
941
743
809
1110
876
552
662
504
459
324
255
310
90
441
384
287
461
188
65
204
-203
-517
-336
-869
-878
-763
-915
-751
-1138
-593
-514
-977
-998
-1376
-1212
-1487
-1370
-893
-1179
-567
-115
-12
763
878
657
384
-39
-17
-248
-448
-123
-348
-295
185
200
36
-7
-282
-516
-100
-198
0
67
-94
-127
-146
226
-124
-253
-370
-705
-504
-127
-295
178
435
421
685
478
808
826
811
755
662
680
844
794
729
717
655
641
678
672
361
658
871
706
646
618
630
689
72
-156
-280
-618
-437
-808
-534
-138
-72
310
271
472
441
469
431
-142
-28
35
-268
-71
2
42
303
204
144
6
-157
-247
-208
-86
-297
-236
332
164
-39
234
-78
-368
-212
-147
-562
-265
-302
-1025
-594
-333
-515
-435
-160
-141
-142
134
157
-83
111
199
-182
293
153
-318
314
472
585
810
438
671
777
657
695
669
388
-235
-199
-204
-408
-190
151
-76
143
738
340
509
1027
827
708
675
488
359
-132
-255
14
137
187
-302
-142
-206
-345
-124
-166
-211
-330
-478
-345
-394
-762
-943
-1388
-1422
-1390
-1463
-1474
-1358
-1633
-1581
-1384
-1727
-1713
-1414
-1810
-1903
-738
-803
-1045
-735
-437
-589
-598
-284
-684
-603
-77
-112
-112
252
11
328
754
782
754
861
784
355
573
320
111
133
137
404
210
136
508
523
796
924
457
697
704
444
539
296
478
683
539
683
767
806
357
398
708
338
469
705
348
179
299
260
67
187
316
85
-277
-454
-282
-577
-438
-209
-256
-382
-198
-162
-243
-12
-276
-527
-781
-397
-510
-967
-858
-682
-785
-849
-1102
-1108
-611
-645
-520
-381
-286
-587
-670
-164
-160
-310
-227
-8
155
287
763
1001
763
1051
1286
924
1222
964
1144
1490
1038
1615
1193
979
1485
1158
1101
1173
623
751
1127
748
675
908
946
610
520
388
395
679
316
-41
192
15
-271
-376
-639
-684
-800
-813
-669
-422
-337
-563
-457
-477
-887
-889
-869
-837
-968
-1124
-776
-1206
-1343
-802
-1109
-1276
-640
-684
-785
-503
-668
-747
-950
-949
-569
-684
-707
-604
13
652
282
437
659
591
664
693
671
698
937
1133
1203
1075
671
939
739
68
511
430
234
490
150
-92
53
277
201
177
419
18
87
147
-226
-337
-547
-565
-407
-561
-624
-460
-407
-600
-795
-432
-766
-789
-275
-737
-311
81
-703
-640
-727
-726
-540
-972
-706
-357
-273
-91
-266
-292
-142
-347
-48
-183
-538
26
311
-196
-18
566
558
436
343
723
916
882
1135
1191
1310
1483
1332
1438
1007
823
754
351
40
-193
219
174
-130
259
394
476
883
860
916
976
1235
879
908
907
293
442
238
32
224
-159
-320
-296
-613
-783
-496
-21
-336
-318
174
-37
-241
43
-541
-683
-359
-573
-797
-773
-841
-699
-650
-1104
-679
-434
-747
-776
-602
-823
-638
-417
-591
-424
-134
-22
-476
-667
-503
-401
-354
-752
-438
-331
-415
-4
-298
-478
-650
-730
-791
-981
-714
-641
-718
-311
-103
-218
178
331
291
910
554
511
865
429
713
847
339
230
46
-218
-339
-788
-448
-145
-425
-321
-18
-163
-250
32
-237
-518
-401
-445
-631
-504
-465
-480
-563
-518
-514
-861
-280
-249
-634
-278
-622
-391
18
-416
-93
52
115
102
-309
162
378
210
137
40
128
232
481
125
-128
151
-19
-262
-164
-200
-355
8
-42
-124
-70
152
471
139
285
929
548
518
839
734
919
600
441
303
100
225
94
81
684
470
542
1128
837
610
639
576
625
401
722
1064
1013
1525
1153
1419
1271
667
1009
891
443
492
551
449
613
603
925
922
864
974
802
467
728
982
238
263
461
348
387
-144
-468
-389
-534
-887
-947
-1106
-1339
-1107
-1003
-1415
-1341
-797
-838
-866
-662
-482
-465
-382
-215
-202
-250
-182
-560
-761
-578
-665
-931
-1157
-1134
-1614
-1030
-738
-879
-85
-489
-306
293
-54
-11
70
-185
-159
77
300
264
52
318
20
-624
-316
-326
-387
160
-11
-33
494
401
117
281
204
170
92
30
309
286
452
599
1054
799
648
1002
662
295
161
14
-533
-306
-293
-456
-278
-326
-329
-64
60
44
47
339
423
-42
90
116
136
-221
-826
-611
-451
-1274
-1366
-1114
-1486
-1293
-1337
-1289
-953
-1406
-1105
-737
-1179
-777
-586
-380
173
-49
-173
36
16
146
-48
262
250
-322
369
539
-38
315
782
686
633
521
349
389
314
754
936
547
637
559
742
502
194
355
221
394
585
466
418
539
525
422
385
428
213
107
466
718
1049
915
799
1103
1282
1208
888
515
90
-81
-285
-638
-627
-505
-625
-853
-901
-279
-199
-308
-342
-195
-552
-1029
-604
-899
-904
-823
-703
-484
-832
-664
-440
-880
-479
-16
-273
45
365
-135
-152
186
-67
244
385
137
274
311
363
302
262
357
343
521
50
-264
-562
-923
-543
-801
-1112
-343
-315
-711
-536
-422
-298
-398
-2
-16
-68
342
640
605
947
804
390
670
-138
-273
237
-18
-13
107
-112
-140
-89
60
-338
-786
-381
-590
-720
-720
-818
-506
-760
-894
-438
-546
-926
-718
-839
-584
-299
-25
-25
-518
-256
-61
-77
-21
412
108
227
954
730
589
974
991
838
878
661
416
598
541
364
523
253
317
365
244
300
193
296
658
217
273
733
947
1099
1070
1156
563
1077
932
403
546
162
-190
-27
94
-175
243
27
-98
-61
-128
-152
-609
-294
-404
-813
-473
-945
-599
-297
-761
-243
-414
-531
-35
-103
-280
-264
-54
175
-183
-122
-133
-183
-23
-63
-217
-105
58
-198
80
190
144
44
368
389
131
433
249
263
277
156
285
201
203
44
-137
-122
-171
134
94
35
454
276
487
1090
713
460
626
-99
-170
195
-121
-293
-372
-531
-606
-278
-498
-713
-428
-342
-623
-485
-713
-803
-421
-539
-684
-460
-263
-477
-120
-294
-435
-81
-381
-808
-467
-328
-108
130
-324
-53
141
22
118
21
112
21
102
132
20
-23
-508
-583
-473
-734
-840
-490
-794
-779
-726
-974
-787
-859
-941
-498
-398
-406
31
-190
-285
188
415
80
282
573
347
-8
28
106
92
395
103
-172
181
284
151
510
517
-269
-237
407
152
-3
-46
-293
-64
-27
-127
-62
-247
-395
-124
-175
-201
10
148
186
202
487
704
751
712
808
975
1148
812
721
1042
624
485
743
486
563
687
891
825
917
1028
668
939
753
494
44
0
4
-90
-183
-314
-278
-531
-525
-419
-121
-351
-436
-454
-428
-553
-1170
-911
-574
-523
-328
-377
-414
-232
-185
-411
86
32
-86
530
601
510
527
422
42
365
131
163
351
175
335
340
520
215
85
44
-102
-149
-357
-255
156
-220
96
356
-232
320
323
178
310
32
458
352
144
631
335
716
1027
302
466
539
84
378
321
-144
209
263
222
569
36
83
506
99
-330
-568
-679
-1053
-695
-380
-595
-465
-551
-1469
-1314
-1148
-1776
-1201
-917
-1016
-1185
-1244
-949
-887
-624
-725
-885
-280
-556
-544
-308
-538
57
49
-675
114
124
-532
22
-374
-338
-251
-564
-373
-366
-548
-536
-240
-149
44
130
-49
4
-14
26
-34
694
793
304
730
355
136
144
354
382
209
542
547
202
368
778
975
1310
998
610
762
581
652
389
182
568
251
317
667
681
399
653
398
148
668
106
29
46
-693
-336
-69
-614
29
367
-75
241
525
248
416
691
527
321
605
-83
-277
545
-166
87
460
62
65
438
356
19
122
548
517
-14
196
40
330
515
-100
108
52
-561
-88
195
-51
174
-8
-423
-270
-573
-907
-524
-752
-1092
-1284
-1019
-867
-1034
-466
-377
-573
-66
-319
-314
-378
-642
-104
137
-112
-176
295
-50
252
149
-54
221
-120
18
-184
-289
-203
-355
-479
-697
-625
-863
-1387
-1312
-1409
-1200
-1156
-1039
-698
-759
-872
-663
-696
-1076
-625
-496
-779
-721
-218
-61
-85
-133
-159
-46
145
473
449
582
778
872
382
176
245
35
441
545
227
536
252
-55
53
-620
-587
-462
-700
-537
-386
-300
-417
-135
166
-45
45
235
349
370
302
969
1034
678
1144
1120
1240
1417
1135
946
944
1085
1146
1100
1003
1111
825
319
532
499
25
192
151
-462
-317
134
-178
-41
156
-323
-308
-129
-565
-462
-177
-399
-337
-611
-851
-451
-306
-164
230
-152
-234
29
148
327
48
298
575
184
240
-105
-148
170
89
612
625
591
699
490
632
836
530
626
720
450
344
723
856
460
637
831
709
398
583
566
394
662
729
307
682
642
180
660
361
387
379
249
454
219
17
-14
99
0
-254
-417
-547
-632
-738
-740
-1128
-1233
-805
-1160
-1143
-1359
-1583
-899
-1077
-1344
-1267
-1559
-1597
-1563
-1738
-1578
-1285
-1328
-1302
-1304
-1218
-1335
-1275
-916
-1149
-774
-807
-878
-290
-292
98
360
272
834
659
578
1039
764
754
1114
895
578
606
790
851
492
598
273
116
18
-190
-68
-319
-423
-420
-319
-577
-370
-143
-481
-200
154
-343
-192
-70
-367
151
-154
-654
-464
-216
-295
-125
178
285
628
341
290
521
376
465
544
386
161
76
448
479
425
594
-30
-156
168
-274
-227
22
-241
132
182
339
331
264
709
516
619
803
795
489
514
307
68
-79
-37
35
-403
-85
-22
-34
14
89
-258
-466
-401
-889
-490
-311
-694
-344
-359
-308
-44
-468
-558
-655
-982
-425
-252
-773
-367
-284
-519
-134
36
211
303
-120
-130
-236
-260
294
251
-20
152
227
398
338
-106
3
51
77
295
407
114
254
185
2
528
500
349
860
685
256
869
1139
874
523
214
44
-53
-366
-294
-399
-530
-122
225
128
-293
-21
37
-267
-184
-166
-5
356
-47
-322
-113
-140
-58
-156
-252
-358
-363
-151
-211
-356
-500
-556
-441
-321
-482
-430
-498
-209
15
22
151
-267
-223
-462
-543
-55
-82
-230
-329
-320
-332
-566
-163
-134
-219
-439
-451
180
-30
9
18
24
26
367
665
222
422
612
517
874
1148
903
975
1173
921
915
1134
807
587
915
743
590
569
585
636
574
576
360
480
543
213
-158
-112
-158
-183
-264
-746
-427
-669
-963
-575
-976
-1047
-550
-646
-891
-943
-715
-516
-782
-663
-480
-845
-812
-514
-683
-335
-85
-367
-47
445
7
-140
49
-82
38
-39
114
306
263
80
193
-5
15
322
135
160
275
36
-64
-101
-310
123
-2
185
258
11
69
103
205
105
543
215
227
640
308
386
479
251
267
-5
82
327
210
265
-49
273
202
-458
28
39
-581
-13
139
-108
596
566
228
626
415
-247
-26
253
-163
-94
-88
-563
-597
-549
-683
-256
-254
-654
-301
-561
-640
-571
-495
-474
-714
-448
-836
-762
-529
-749
-439
-444
-655
-386
-337
-608
-309
-360
-717
-628
-492
-380
-329
-653
-686
-585
-742
-531
-446
-538
-694
-753
-734
-718
-746
-491
-425
-486
-160
187
209
201
587
628
615
836
737
531
650
512
240
103
145
395
410
357
304
355
598
435
304
783
1051
533
626
665
360
285
229
384
255
231
315
275
79
400
527
441
420
590
683
589
792
433
113
454
447
258
181
-128
-121
-176
-522
-735
-717
-343
-173
-498
-315
-530
-773
-286
-553
-860
-493
-369
-346
-476
-296
-42
-9
463
176
20
566
312
65
437
463
196
379
713
647
681
679
665
1084
1222
645
371
635
523
256
334
189
60
384
391
172
133
274
231
-18
178
81
-3
284
211
235
541
697
525
741
735
621
1125
575
136
655
533
357
225
100
-19
159
-24
-703
-773
-768
-698
-575
-777
-796
-739
-952
-460
-197
-372
-577
-568
-237
-364
-341
-278
-537
-609
-646
-733
-332
-199
-583
-509
-169
-405
-540
-543
-800
-754
-983
-1103
-1078
-1197
-941
-705
-669
-638
-773
-734
-370
-713
-801
-701
-908
-1071
-962
-598
-1108
-664
-279
-625
-233
-4
168
386
553
300
551
877
602
578
551
158
101
560
476
608
778
723
475
622
1049
788
804
713
300
307
473
364
348
26
-37
-133
-387
-107
-272
-471
-524
-632
-322
-66
-22
12
-251
366
305
-630
99
734
62
133
588
-8
269
799
481
409
519
543
395
536
330
78
504
408
252
417
310
375
415
235
355
103
39
45
-319
-2
17
-117
-39
-495
-427
155
-62
253
711
550
321
414
474
478
943
578
562
516
352
416
133
102
-45
-115
18
26
-20
71
40
-166
-72
10
-358
-360
-312
-312
-414
-156
111
-175
-210
-115
-316
-368
-142
-209
-245
-315
-154
-489
-932
-861
-648
-810
-894
-896
-1143
-910
-835
-1005
-862
-588
-633
-480
-697
-730
-86
-192
-242
151
-225
-505
-236
-434
-779
-595
-863
-991
-609
-722
-819
-551
-627
-550
-9
-127
-133
-81
43
-47
253
335
-230
66
-78
38
657
590
281
519
769
564
965
1178
948
1173
810
585
1156
1282
1185
1279
1137
777
944
980
719
909
658
661
755
482
564
125
41
428
217
138
75
-222
-351
-546
-408
-552
-935
-644
-719
-837
-575
-716
-728
-675
-667
-430
-509
-326
-107
-286
-201
-180
-236
-232
-369
-161
22
-234
-134
66
41
-50
-159
174
23
-204
347
275
33
460
496
-8
-24
262
222
75
246
157
-160
404
416
-56
108
51
87
7
66
200
-94
246
287
335
676
347
753
919
745
526
223
255
297
595
527
258
109
58
-50
429
281
-31
172
-88
5
419
-53
-251
-2
-331
-367
-386
-317
-423
-488
-918
-438
-648
-1090
-623
-974
-999
-872
-797
-817
-706
-924
-655
-679
-931
-793
-1023
-1209
-759
-658
-827
-807
-741
-515
-741
-495
-463
-980
-868
-279
-767
-831
-637
-688
-523
-418
-460
-1027
-347
-236
-520
144
-245
-333
328
34
-398
-25
-18
-279
358
606
385
409
497
883
1166
797
774
1195
1014
1296
1522
983
1048
1193
703
651
780
434
611
648
415
749
636
320
454
301
380
645
436
323
210
69
-98
114
384
318
227
104
-43
135
-109
-532
-334
-515
-412
-9
-142
-330
-224
-379
-328
-173
-396
-791
-397
-327
-821
-652
-418
-305
-441
-397
-611
-265
-21
-350
-352
-302
-397
-175
-85
107
552
392
615
779
851
463
327
708
155
358
371
-32
210
240
627
740
646
557
425
591
463
171
503
449
243
268
289
332
517
510
167
354
423
346
257
426
532
615
603
501
261
225
76
-186
123
15
-316
-141
-474
-394
-334
-955
-585
-797
-946
-960
-1034
-984
-1199
-706
-414
-852
-627
-354
-548
-704
-477
-494
-608
-16
-397
-620
-485
-590
-381
-678
-555
-292
-747
-565
-317
-471
-516
-459
-408
-281
-275
-137
-91
-396
-66
-208
-588
-590
-279
-71
-593
-253
-43
7
369
318
316
475
562
152
502
485
-72
341
485
54
383
696
411
521
437
156
618
759
217
254
115
-152
258
503
349
31
126
278
55
152
6
32
164
-16
58
228
-290
-230
266
282
380
81
143
-14
-265
220
197
267
517
40
201
341
77
32
38
84
26
-175
-379
-188
-207
-325
-403
-409
-83
-95
-75
341
177
75
412
-30
-121
140
-226
-76
-174
-376
-384
-488
-110
-151
-74
103
-386
-369
-288
-700
-686
-230
-91
-122
-16
249
436
405
808
620
365
790
839
469
199
330
114
176
241
-136
18
-244
-281
-38
34
-100
202
379
-264
183
158
-173
-150
-48
-249
-363
-396
-377
110
-213
7
-37
-461
107
35
-266
424
37
-232
210
-12
51
-3
-147
-58
75
-326
-345
-32
-157
-272
-543
-773
-725
-563
-755
-840
-578
-661
-699
-748
-1137
-1126
-763
-815
-1233
-895
-696
-916
-923
-705
-419
-439
-256
-442
-555
-643
-725
-516
-502
-438
-176
-98
66
78
45
79
-55
35
111
372
357
345
459
797
636
530
524
747
798
431
789
772
699
716
788
695
694
586
808
520
488
927
495
758
1048
985
1027
1151
1050
904
907
842
381
355
692
893
898
569
683
566
456
464
638
469
81
366
579
181
87
449
507
667
387
487
459
111
193
59
-21
-93
-83
13
34
-63
-217
-55
236
-277
-90
174
-389
-30
-45
-317
-231
-46
-31
-274
-162
-214
-346
-511
-654
-562
-518
-558
-320
-299
-676
-218
153
-175
-329
-291
-85
-323
-350
-281
-210
-236
-183
306
-189
-378
-117
-163
224
-14
326
971
56
315
246
-427
51
-233
-557
-257
-508
-774
-445
-146
-163
-119
-57
-295
-49
-281
-459
-427
-564
-934
-994
-649
-1190
-896
-1068
-1189
-897
-1121
-738
-905
-903
-853
-1077
-791
-866
-1063
-721
-580
-902
-942
-659
-632
-579
-193
-71
-157
361
237
32
457
360
698
902
559
588
713
550
563
99
-269
55
-9
-223
13
-172
-201
244
41
255
264
-37
291
-190
-785
199
-244
-553
273
-176
-68
261
-263
-352
287
499
357
512
536
346
749
496
615
849
443
459
673
651
443
885
592
522
898
347
262
354
-140
147
153
-380
-131
-334
-475
46
-268
-571
-481
-473
30
-17
-241
-245
-229
110
-64
-36
235
52
185
287
182
287
567
537
536
351
317
609
313
726
910
772
564
283
414
205
275
466
594
647
531
678
828
612
766
725
534
582
457
546
77
-279
75
-416
-747
-401
-972
-1250
-1209
-1768
-1477
-1175
-1599
-1245
-1276
-1204
-634
-898
-637
-450
-514
-290
-149
-32
110
133
-231
-351
-42
-169
-252
-14
112
135
-233
-144
186
39
132
226
4
102
53
43
-18
-151
-248
-353
-85
-95
-259
-9
16
36
567
641
382
274
367
147
-198
-26
174
-228
-53
308
342
633
595
821
757
332
231
470
463
322
426
564
556
454
687
795
753
734
520
552
202
121
513
131
-41
231
21
-282
-64
-424
-376
-74
-165
-45
-90
-324
-293
-412
-650
-419
-352
-369
-551
-672
-542
-292
-336
-549
-510
-624
-635
-339
-584
-323
-38
-69
45
-339
-177
-148
-592
-198
-14
-572
-269
-308
-429
-136
-584
-467
14
-9
-127
-193
-412
-242
-41
-250
-223
-285
225
383
284
759
552
1010
1168
1034
1504
1061
726
705
667
575
653
850
881
827
968
669
527
839
484
309
465
252
137
130
-721
-533
-500
-812
-663
-1216
-1330
-1001
-915
-1009
-646
-432
-764
-566
-190
-229
-190
-206
-112
-216
-163
-560
-1086
-941
-1126
-1214
-1147
-1192
-985
-1136
-1034
-396
-925
-810
-178
-505
-343
-24
29
-66
-85
137
-139
-341
-121
-171
-339
-121
-247
-568
-403
-310
-226
-591
-979
-600
-559
-551
-419
-736
-468
-141
-104
-27
-150
120
439
504
595
742
922
1159
1320
1174
1159
1432
1415
1272
1469
962
747
1131
717
330
501
406
147
225
-118
-418
-787
-823
-574
-609
-592
-473
-307
-633
-592
-335
-473
-221
-173
-458
-174
-176
-200
-70
-337
-631
-454
-542
-855
-915
-872
-386
-511
-343
49
-255
214
276
-117
287
163
64
195
-171
19
508
442
702
821
806
990
887
1113
1257
962
1051
1183
1106
1303
1016
1015
1215
1064
1448
1655
1316
1284
1625
1364
1055
1341
1289
831
603
697
377
55
74
221
46
-63
-24
-501
-356
-353
-876
-693
-674
-858
-586
-578
-397
-7
218
161
-58
92
93
-132
-242
-187
-378
-806
-508
-653
-959
-684
-1217
-996
-711
-905
-615
-732
-541
-730
-624
-578
-836
-537
-758
-1161
-1208
-1390
-1575
-1388
-1294
-827
-849
-643
-544
-621
-490
-683
-288
-340
-547
-192
-422
-424
-253
-223
124
-207
-28
-134
-241
295
27
235
310
136
680
249
370
1103
798
948
995
533
848
1018
365
199
323
147
129
-114
-143
58
12
259
172
-20
129
490
125
-130
107
-239
-444
-398
-253
-360
-641
-281
-269
-692
-343
-267
-420
-338
-383
-414
-349
-562
-674
-548
-609
-215
186
193
219
539
688
783
1147
1019
909
919
664
307
374
386
422
275
41
278
-3
183
530
495
451
180
189
153
156
395
149
434
507
754
983
979
1347
1004
1187
1389
1069
602
924
1018
669
953
882
515
428
380
408
193
32
50
-57
-114
-95
-239
-781
-399
-394
-497
-496
-1169
-1162
-736
-783
-792
-679
-898
-659
-434
-687
-592
-494
-755
-503
-772
-1028
-635
-945
-938
-912
-1192
-1124
-1062
-920
-777
-1139
-1007
-644
-1113
-961
-714
-762
-676
-400
-501
-610
-130
-454
-445
-257
-508
-652
-759
-901
-1072
-779
-703
-641
-374
-267
-29
-169
-287
-63
-142
-120
134
288
157
212
424
176
6
97
67
223
278
295
138
-153
313
436
209
250
106
-62
397
403
-9
365
328
422
738
591
565
574
466
392
275
151
321
91
-193
-3
124
43
-68
-307
-457
-159
-128
-116
32
143
356
430
340
450
672
835
974
1140
1084
863
1044
1257
1180
953
1280
1453
1234
1124
866
527
589
639
343
88
-138
66
63
27
46
158
305
157
293
275
249
355
206
169
-71
13
70
-348
-223
-399
-728
-358
-499
-798
-199
-180
-630
-250
164
67
321
574
478
604
611
699
972
562
666
671
224
381
-129
-35
38
-319
30
-120
-36
410
182
-275
-334
-198
-408
-605
-585
-485
-1
193
68
273
276
120
223
-23
14
61
-291
-198
-492
-594
-639
-679
-605
-815
-566
-86
-140
3
34
-550
-128
-119
-526
-486
-488
-643
-866
-844
-712
-642
-549
-455
-773
-559
-476
-748
-823
-848
-679
-1016
-1307
-1158
-1110
-1136
-1305
-1103
-836
-757
-280
-242
-96
148
196
389
200
153
346
-7
143
869
445
726
1027
834
1057
1030
982
573
588
724
429
399
558
301
157
518
499
99
235
334
343
136
-109
-345
-766
-644
-758
-959
-1159
-1666
-1757
-1707
-1831
-1535
-1289
-1094
-793
-798
-957
-1213
-1085
-752
-538
-267
-303
-217
407
653
506
934
1058
890
1089
962
623
477
494
645
736
666
896
880
991
1348
1120
1143
1261
1216
1252
1077
908
891
830
588
551
615
534
531
488
338
307
139
-132
-160
-382
-676
-437
-181
-288
21
-87
-204
208
295
255
18
4
115
136
153
142
255
-186
-335
-156
-453
-266
-123
-243
-294
204
323
128
70
-99
-10
-63
-162
-538
-607
-640
-805
-581
-536
-846
-837
-687
-945
-894
-741
-765
-444
-529
-399
-393
-917
-947
-1060
-989
-1136
-1055
-275
-93
39
271
322
636
966
992
788
573
518
629
606
666
608
705
734
643
753
714
550
371
544
57
-151
331
228
-18
-147
-137
-298
-267
63
-252
-124
115
178
245
-27
-96
-466
-325
-394
-575
-518
-291
-552
-751
-618
-531
-155
-734
-457
-666
-1174
-892
-697
-540
-575
-269
-386
-148
195
-267
-279
-28
-222
-145
-76
-198
161
31
107
497
-26
-184
24
128
-151
93
411
276
503
649
620
576
684
424
609
524
335
485
493
621
375
521
666
598
1053
1467
1217
1502
1263
1183
1696
1178
1267
1389
1562
1380
1367
1521
1332
1294
1332
1060
538
596
48
219
215
-101
-55
-245
-375
-269
-726
-1205
-554
-768
-1107
-1214
-1069
-1054
-1491
-1178
-1064
-1511
-1026
-766
-1176
-589
-528
-851
-733
-826
-818
-724
-400
-510
-392
162
-146
-407
37
32
-404
-515
-598
-726
-611
-307
-275
-36
11
-297
-188
-205
-125
-39
-500
-444
-457
-817
-979
-1030
-1288
-1184
-729
-1203
-1216
-1035
-1332
-1113
-1087
-1456
-1081
-666
-511
-134
-375
-488
-48
-329
40
956
869
781
1107
828
896
1265
664
799
936
850
794
686
929
413
534
576
-200
-15
-224
-256
117
-202
-282
-240
-398
-424
-256
-415
-765
-685
-510
-908
-767
-518
-986
-765
-371
-511
-435
-501
-659
-564
-429
-676
-642
-136
-13
382
555
453
862
1078
979
988
858
1021
980
941
892
785
938
928
962
883
1286
1201
1105
1210
1071
836
647
682
511
286
-76
-26
-49
-18
-65
226
86
95
427
-127
-127
-79
-12
-59
113
238
268
499
707
647
762
731
466
743
650
743
780
848
873
991
997
1188
1362
1033
1155
622
269
393
105
153
400
-194
-478
-272
-431
-823
-1250
-1108
-1286
-1611
-1751
-1687
-1671
-1539
-1279
-1251
-1248
-941
-784
-874
-618
-673
-675
-670
-735
-994
-825
-780
-1021
-639
-406
-246
75
-150
-275
232
94
-78
-81
-277
-169
-289
-405
-470
-738
-376
-125
-287
22
-136
-187
203
-186
-300
-305
-306
-306
-506
-556
-708
-401
230
-59
-176
54
-471
-209
-163
-787
-787
-1144
-1036
-545
-658
-294
-144
-246
74
341
385
638
919
813
743
897
1022
1081
1013
922
859
846
585
498
414
169
239
205
352
309
414
350
99
52
-25
91
111
-124
-102
8
-30
-154
-259
-110
-462
-471
-181
-351
161
364
93
561
483
458
738
585
625
353
116
500
729
477
628
880
959
995
809
710
547
694
570
244
327
321
325
334
-42
7
249
53
-219
-193
-162
-421
-369
-758
-647
-655
-1086
-1295
-1250
-1005
-1189
-1160
-1072
-1035
-806
-536
-667
-392
-243
-545
-243
-155
-378
-131
-54
-93
-66
169
362
415
271
344
772
1064
1386
1511
1543
1283
1532
1421
916
913
592
136
-25
-182
-298
-23
-33
-263
-50
-257
-855
-974
-1367
-1682
-1879
-2154
-2020
-2306
-2039
-1594
-1477
-1026
-1220
-1338
-1383
-1305
-1079
-955
-958
-779
-637
-735
-524
-654
-458
-612
-725
-445
-459
-68
-163
-128
502
347
336
705
667
602
541
814
1115
1100
1147
1212
1134
1069
924
772
728
691
622
379
508
795
486
514
328
304
421
-208
80
-70
-360
2
-230
-137
137
-32
192
235
-99
-54
-98
-24
-233
-275
86
181
548
759
807
1110
1014
828
822
675
619
876
1108
1079
1273
1236
1110
1087
1153
1221
895
671
534
578
722
687
471
85
-54
-208
-581
-828
-800
-743
-911
-992
-1147
-1007
-961
-842
-786
-984
-957
-1025
-653
-566
-739
-528
-566
-644
-158
-212
-309
-20
-202
96
104
-183
305
377
261
344
448
572
549
820
1098
1341
1623
1423
992
1193
934
276
540
383
-31
99
-347
-488
-290
-352
-449
-810
-1047
-1171
-1161
-974
-836
-1145
-994
-894
-1082
-1064
-1024
-622
-398
-360
-323
-141
-47
-1
33
104
97
19
345
494
172
217
491
259
296
438
284
296
359
263
179
121
-71
86
185
-336
-582
-405
-565
-266
-198
-263
51
-300
-392
-624
-806
-564
-531
-862
-875
-535
-867
-951
-550
-604
-372
110
-427
-349
-6
-254
51
35
-151
-50
-330
-596
-288
-464
-535
86
366
500
679
648
521
600
651
786
713
489
569
492
402
545
359
427
771
322
429
847
440
314
591
778
616
159
-22
-158
-254
-157
-468
-691
-848
-976
-862
-1024
-918
-795
-700
-402
-470
-714
-805
-753
-259
43
77
120
49
245
92
34
337
465
355
507
438
143
174
286
428
468
292
-65
-210
-222
-169
-195
-141
8
283
267
168
125
122
163
80
67
86
23
-314
-39
218
129
243
535
908
1217
1341
1290
1314
1362
1366
1253
989
794
733
556
444
139
123
357
304
405
473
646
1028
1059
951
900
305
111
126
-411
-414
-571
-1032
-1145
-1273
-1289
-1373
-1342
-1332
-1339
-1073
-1081
-1394
-1491
-996
-975
-1218
-707
-742
-1272
-1227
-1193
-1227
-1098
-817
-964
-600
-118
-574
-460
-280
-259
105
457
404
294
122
460
359
77
515
601
740
627
433
116
-338
-787
-847
-729
-703
-869
-1201
-895
-641
-650
-315
67
224
759
1045
593
659
472
387
694
545
634
593
519
95
440
658
223
455
474
608
652
820
1050
1116
1111
951
801
825
832
535
449
281
529
709
389
366
741
507
141
566
81
-16
39
-319
-545
-501
-199
45
-178
-310
-92
-731
-655
-671
-701
-656
-745
-756
-937
-795
-733
-793
-771
-332
-298
-314
-342
-422
-233
-63
293
480
361
371
857
547
468
936
430
292
575
716
372
428
491
98
238
90
9
571
908
615
421
473
274
440
552
233
358
285
170
359
189
308
531
199
-294
-752
-656
-914
-1301
-1114
-1133
-1369
-1371
-1518
-1727
-1785
-1843
-1542
-1268
-916
-519
-111
329
87
-351
48
-263
-644
-338
-533
-596
-430
-502
-359
-295
-764
-755
-559
-383
-403
-92
118
-297
41
114
-450
-743
-531
-595
-699
-904
-1478
-1537
-1210
-1043
-1055
-791
-755
-430
-192
-462
-437
62
295
274
227
-23
-354
-582
-268
-156
52
55
0
415
505
621
621
530
1112
1328
1178
1416
1517
1621
1918
2081
2128
2108
1874
1921
1741
1340
1270
778
741
991
497
174
-51
-432
-70
318
-394
-667
-566
-378
-65
-361
-669
-323
5
-449
-793
-890
-879
-638
-441
-501
-263
-138
-20
122
53
99
243
435
444
725
569
747
1110
829
801
971
676
140
-40
-353
-227
-85
99
583
503
746
974
849
774
362
501
907
773
406
206
356
285
300
26
-63
19
-218
-420
-577
-617
-794
-538
-571
-571
-658
-747
-780
-861
-423
5
203
-4
426
238
111
292
-120
-77
34
224
230
295
98
360
463
331
532
-291
-754
-719
-629
-206
66
0
-158
-43
-188
-531
-681
-795
-426
-331
-599
-686
-1053
-1293
-848
-951
-1222
-1090
-1472
-1390
-1572
-1957
-1665
-1625
-1532
-560
-435
-904
-439
-582
-539
11
-234
-268
83
141
155
158
-107
-131
-9
-257
-451
-299
-411
-597
-87
-53
-208
142
-12
-9
651
593
103
88
150
241
342
215
-110
-141
15
-112
-109
-16
-211
162
399
115
476
305
310
584
268
600
1017
1143
1385
1692
1753
1570
1464
1073
431
393
529
592
572
168
76
-129
-330
-72
-148
-26
74
189
173
43
434
429
267
428
569
343
277
200
189
207
-286
-303
28
-31
-209
-356
-330
-300
-341
-444
-435
-369
109
180
65
589
467
601
509
361
316
-80
-440
-449
-62
52
208
344
363
477
1087
1039
967
1550
1363
1108
1220
848
453
287
198
29
-6
-76
-392
-442
-695
-1023
-737
-330
-994
-1255
-1278
-1647
-1630
-1784
-1712
-1320
-1175
-1254
-839
-733
-834
-568
-516
-330
-460
-501
-543
-518
-464
-673
-461
-474
-202
60
265
469
453
661
839
809
839
983
795
635
812
863
848
778
481
519
408
-31
-409
-371
74
-54
-402
-181
-49
77
254
174
297
379
113
-64
-219
-267
-283
-584
-762
-572
-352
-683
-902
-1005
-944
-728
-875
-1302
-1064
-550
-919
-836
-1010
-1078
-812
-990
-501
-384
-440
-290
91
342
251
491
573
837
795
766
615
675
1037
912
925
1132
1176
802
881
661
418
692
773
976
918
739
725
516
360
83
-186
102
-365
-428
-97
-202
697
1020
369
566
603
-12
98
266
-13
448
898
373
456
300
69
235
154
355
663
922
739
512
358
369
285
621
832
395
400
274
-46
39
220
68
337
159
-193
-281
-537
-687
-676
-671
-1102
-1405
-1511
-1373
-1742
-1694
-1604
-1705
-1541
-1461
-1287
-1263
-884
-777
-728
-393
-631
-673
-116
-224
-271
-130
56
382
162
-168
-270
-133
41
-157
2
12
-96
344
424
331
608
783
737
1208
833
34
54
-305
-805
-774
-549
-274
-18
285
393
248
261
98
119
55
-331
-410
-312
-295
-302
-162
51
82
207
61
-227
56
0
120
311
263
191
-37
-192
-427
-187
322
453
447
765
841
718
852
1067
702
272
56
-504
-674
-438
-207
-313
-256
38
-83
-157
-173
-86
-95
-423
-347
-383
-494
-568
-783
-762
-662
-748
-350
35
-387
-285
115
51
-137
-304
-201
-183
-539
-554
-237
-261
-461
-140
273
385
289
720
1133
1086
965
621
559
475
355
141
288
774
990
1214
1313
1128
1150
1045
698
519
225
129
15
-41
-238
-311
66
58
308
540
192
16
163
274
110
-170
-389
-388
-349
-517
-761
-781
-206
9
46
492
664
603
215
-75
-84
-445
-624
-477
-955
-1068
-320
-385
-354
28
-171
-315
-579
-658
-709
-461
-430
-559
-120
-19
-611
-754
-93
-277
18
51
-346
-33
-190
-345
-667
-436
-240
-296
44
-312
-371
-485
-741
-236
-303
-229
660
598
557
735
279
211
-74
-170
32
28
264
282
159
534
781
676
817
837
556
858
828
497
896
392
331
484
-101
124
78
19
520
418
117
145
15
-52
-94
-167
-500
-804
-552
-850
-996
-661
-386
-109
323
766
731
484
242
382
113
-215
-340
-337
-530
-1061
-903
-1008
-1255
-927
-1098
-1469
-1196
-889
-780
-559
-750
-673
1
-16
220
309
440
802
729
226
212
808
421
409
252
176
245
-130
263
395
189
535
1000
941
731
661
691
389
296
693
262
437
816
403
591
777
675
445
217
-101
-356
-520
-689
-546
-604
-342
-84
-95
24
-207
-63
130
-23
280
383
98
24
-192
-328
-157
-362
-358
-36
-366
-601
-437
-263
-135
-166
-213
-92
-4
218
387
249
336
501
629
602
335
-224
-142
-69
-558
-464
-433
-560
-105
208
-85
31
146
111
331
3
-394
-472
-655
-985
-1041
-670
-1006
-1012
-838
-1043
-904
-963
-1054
-968
-485
-244
-692
-1035
-1183
-1352
-1205
-943
-753
-642
-499
-507
-605
-339
-29
38
4
-275
-439
-517
-863
-901
-996
-1032
-613
-367
-150
-49
233
510
610
859
684
708
735
514
275
-25
-225
-259
271
731
796
1247
1443
1320
1568
1369
1097
890
474
568
601
261
446
878
1085
1285
1577
1556
982
1119
559
220
994
344
-45
102
68
-37
-92
221
289
534
443
135
-24
-338
-144
-127
-254
-305
-386
-330
-701
-730
-196
-173
-206
-199
-374
-200
14
-266
-389
-296
-331
-232
-108
4
-54
324
400
379
228
152
615
284
141
212
226
-85
-182
107
-100
-265
-78
155
123
175
357
595
375
566
764
447
262
-110
-191
-220
-346
-519
-409
-197
-188
65
189
731
983
610
588
165
108
215
63
-7
302
354
430
619
541
677
302
302
-74
-483
-842
-1288
-1025
-1556
-2063
-1693
-1796
-1807
-1470
-1756
-1447
-460
-293
-97
416
262
-62
-283
-619
-594
-778
-1073
-936
-878
-568
-779
-797
-204
-315
-295
133
-2
-43
37
39
-45
-158
191
297
621
903
785
538
589
706
123
120
276
-221
-332
-328
-433
-265
-354
-720
-431
-114
-324
-223
376
703
457
676
846
302
394
337
135
54
-146
426
684
1121
1188
1177
1033
318
715
684
137
241
370
408
406
288
311
169
257
420
125
-18
98
-129
-60
307
-294
-533
-636
-1253
-1284
-1385
-1590
-1459
-1442
-1161
-712
-1151
-1122
-852
-1023
-1181
-1597
-1732
-1873
-1403
-1219
-1491
-635
-15
-95
-146
-350
-403
-656
-613
-354
-239
400
819
1056
1285
1362
1199
1583
2112
2054
1901
1872
1888
1641
1642
1328
997
1065
1070
760
332
248
81
187
274
191
512
858
816
759
672
513
498
307
422
383
-2
-122
308
479
368
596
488
159
91
96
-307
-58
-307
-666
-286
-752
-845
-517
-597
-776
-531
-205
-351
-572
-518
-646
-700
-421
-804
-812
-354
-383
-74
-189
-402
156
43
-100
-36
-184
-113
-329
-526
-434
-479
-142
126
-185
56
-56
-288
-500
-699
-546
-788
-876
-730
-862
-978
-613
-710
-627
-268
-286
-66
404
159
128
793
613
546
754
604
268
461
473
-57
339
372
257
495
282
657
741
513
1002
1101
909
1243
910
299
136
12
130
161
357
413
420
512
481
649
504
-22
-37
-256
-1049
-830
-673
-1338
-1115
-1022
-1176
-786
-794
-685
-657
-897
-559
-468
-406
1
-576
-507
-194
-313
-301
-580
-252
-124
-17
300
322
344
691
788
662
628
897
1156
999
1351
1194
1208
1121
534
594
493
332
103
150
245
174
315
157
100
344
186
193
382
208
78
-46
272
-21
-610
-162
-436
-548
-117
-535
-691
-872
-950
-577
-871
-820
-553
-781
-575
-198
-683
-622
-14
-320
-366
-557
-1142
-855
-549
-573
-137
-92
-113
-53
125
164
-136
43
-255
-671
-406
-639
-469
-225
-499
-47
-287
-311
-114
-291
301
410
214
175
-211
10
220
-152
-522
-546
-743
-688
1
-440
-607
19
-231
-191
280
49
105
296
402
837
882
491
623
663
437
421
38
228
393
259
344
390
280
137
287
208
343
464
322
404
352
51
-579
-909
-742
-976
-893
-679
-650
-380
-530
-568
-869
-1047
-580
-531
-323
-16
0
11
14
331
475
178
234
499
432
378
343
357
698
650
442
431
247
129
-9
-85
-35
-12
-263
-227
-33
-302
-17
42
-158
86
2
-271
-214
-186
-43
-8
136
447
222
336
507
628
671
485
714
941
851
903
437
268
699
706
518
419
505
477
412
47
261
658
376
294
384
550
416
563
749
265
698
984
656
461
421
189
-252
-116
-703
-695
-506
-693
-301
-501
-716
-279
-568
-1183
-616
-670
-1097
-1092
-933
-816
-653
-351
-431
-112
-89
-231
252
135
79
290
265
415
395
569
490
134
346
96
-62
-114
-551
-34
-188
-844
-507
-278
-404
-276
-193
-219
-449
-169
240
12
188
193
-195
-171
-355
-796
-660
-769
-816
-979
-942
-908
-1058
-632
-219
307
127
-211
-141
-122
-173
7
302
74
203
516
424
550
470
342
302
-8
119
51
-66
186
42
44
201
253
79
90
309
78
42
160
186
507
613
641
662
315
443
441
-12
-615
-580
-260
-704
-155
-25
-733
-629
-558
-614
-527
-293
-555
-665
-345
-416
-510
-291
-140
-292
-248
-173
-67
45
74
333
330
-13
338
683
706
853
922
802
996
1112
875
1009
789
877
919
883
803
249
294
249
-2
31
-69
20
272
72
35
-149
-294
122
-42
-84
26
-99
-132
-107
-216
-466
-562
-475
-415
-375
-337
-490
-388
-803
-616
-420
-779
-753
-878
-922
-927
-793
-902
-737
-678
-923
-777
-599
-740
-779
-536
-546
-609
-313
-243
-100
313
592
630
622
786
659
505
396
507
362
48
11
-162
-258
-97
-6
56
218
393
94
-422
-458
-636
-783
-691
-709
-571
-907
-907
-669
-755
-396
-627
-313
-6
-287
210
59
-221
-280
-570
-245
-387
-392
15
-13
316
668
642
423
540
902
538
521
527
345
388
81
-83
-458
-66
65
-56
519
617
674
725
690
767
890
1114
864
940
1482
1305
985
923
996
743
842
959
483
264
-4
-68
-415
-453
-297
-756
-390
-576
-518
-235
-652
-147
61
111
522
166
-278
-103
-503
-1049
-986
-863
-905
-781
-360
-543
-596
-359
-329
-162
-203
-512
-558
23
351
283
142
182
445
854
700
704
1128
492
509
587
351
196
152
458
303
847
790
371
734
642
809
1051
1213
1161
993
891
712
347
99
220
-251
-178
-128
-402
-147
-19
-18
262
122
190
62
-295
245
100
-427
-550
-265
-573
-647
-317
-167
-322
-605
-435
-543
-946
-1356
-1362
-1389
-1155
-993
-828
-978
-1005
-894
-1132
-810
-697
-653
-508
-443
-418
-605
-1058
-1139
-1180
-1698
-1198
-995
-1664
-1109
-866
-1105
-968
-390
-172
-392
278
101
-79
434
600
789
325
387
639
99
486
645
359
536
342
304
381
-48
140
391
-33
218
416
333
366
450
641
585
609
532
374
440
32
-165
153
-170
-159
288
702
400
71
508
412
96
-194
-299
-373
-552
-907
-791
-711
-706
-56
86
173
144
125
285
249
546
451
207
380
297
-4
91
2
-499
-210
-459
-634
-112
-245
-259
272
445
-297
-341
27
-255
-493
-461
-354
-223
112
378
436
794
829
511
653
542
504
640
175
-22
67
54
18
310
317
-91
358
609
213
213
479
116
207
529
274
705
777
506
601
353
195
293
120
64
174
-3
-9
41
-63
-238
30
37
22
-108
-144
174
-519
-480
-153
-211
-577
-768
-424
-616
-686
-345
-496
-274
14
-43
454
373
353
303
-208
-331
-286
-371
-604
-623
-464
-570
-528
-472
-621
-671
-713
-391
-37
97
147
171
368
150
21
28
30
-2
-55
-249
-407
-421
-589
-239
-79
-112
168
507
361
461
376
85
436
512
424
642
838
600
759
546
74
171
-85
-429
-497
-378
-891
-1028
-792
-845
-503
-33
102
201
621
576
413
388
544
499
542
758
571
249
190
18
-52
203
357
423
162
11
118
508
455
459
558
379
457
185
-90
148
161
-231
-244
185
-29
-667
-557
-520
-695
-534
-395
-650
-540
-252
54
-3
-207
-36
-48
-215
-459
-358
-291
-49
-220
-158
29
56
-52
-303
-214
-390
-286
-417
-714
-426
-175
-139
193
292
74
383
384
79
222
77
227
146
-114
17
89
33
6
381
438
15
148
129
-183
13
-60
122
369
647
495
329
317
3
27
31
13
-114
-212
-310
-149
-241
-397
-278
-356
-543
-621
-597
-456
-289
-244
-69
289
493
435
299
-220
-490
-604
-546
-858
-1037
-650
-585
-239
-102
-85
-168
-196
55
-94
-167
-234
-552
-555
-560
-700
-858
-607
-350
-249
-96
-14
119
18
302
293
-56
120
79
105
174
53
134
14
180
382
248
340
687
762
989
1033
720
755
522
527
421
268
249
-44
-216
-137
-257
-340
-72
-49
-149
58
85
-46
288
439
198
139
88
-96
109
-120
-481
-530
-557
-559
-512
-540
-766
-487
-230
-231
-194
-286
-253
-124
-137
86
364
219
25
46
-77
312
491
274
653
473
343
903
1007
803
892
961
1086
1163
899
784
593
295
5
236
427
225
563
765
664
505
456
660
915
647
534
615
584
259
15
-42
-604
-491
-433
-682
-536
-385
-350
-60
74
260
366
321
330
9
-156
-448
-687
-854
-617
-478
-293
-101
-306
-206
-627
-816
-419
-440
-610
-578
-944
-1194
-932
-1056
-1241
-1290
-759
-467
-636
-414
-748
-593
-246
-526
-285
-91
-377
-520
-440
-523
-305
-325
-433
-306
-490
-367
-426
-414
-60
-41
-23
412
278
362
589
95
224
272
254
370
79
2
346
416
256
377
456
249
603
889
753
1195
1041
706
409
125
141
-332
-328
-86
-280
-529
-636
-358
-377
-461
-114
-192
-275
-140
-415
-506
-444
-319
-461
-714
-211
-298
-240
128
-163
171
598
485
412
267
776
926
786
795
347
649
86
-140
287
-47
345
441
299
568
445
470
317
374
796
424
-5
-323
-568
-816
-922
-786
-1309
-1157
-626
-680
-449
-159
75
361
832
644
534
477
324
612
354
25
272
214
38
301
435
680
711
652
548
400
211
93
-29
-237
-99
-377
-629
-729
-1031
-739
-679
-828
-460
-645
-969
-849
-1015
-1050
-980
-948
-589
-438
-529
-660
-689
-399
-303
-38
522
110
-82
77
-67
46
56
-37
-138
-142
-58
44
209
263
259
350
288
346
301
468
842
1062
1293
1401
1299
1031
927
674
220
26
415
293
-292
-162
-351
-679
-562
-678
-803
-711
-517
-437
-638
-749
-543
-464
-601
-508
-483
-845
-843
-860
-926
-773
-646
-431
-189
-77
-32
158
103
-171
-232
-238
-277
171
301
173
118
-13
-220
-3
171
-288
92
492
616
739
649
670
385
472
412
205
288
275
352
109
15
16
-62
181
366
123
340
619
632
579
529
421
181
385
264
-24
-146
-302
-295
-84
-266
-528
-446
-400
-265
-162
-41
-72
119
59
-421
34
-153
-505
-45
-344
-172
138
9
10
84
388
207
195
754
680
421
1000
857
590
919
618
373
299
68
-182
-56
20
167
710
700
347
468
310
-297
227
368
194
639
192
-154
-250
-255
15
-155
-274
132
37
201
227
108
242
-287
-479
-641
-714
-625
-628
-839
-649
-551
-632
-555
-538
-321
-253
-65
9
-149
-476
-388
-440
-900
-637
-211
-676
-661
-88
-258
-248
8
-190
-118
234
-47
-167
8
-187
5
394
352
353
296
363
556
702
498
415
336
38
367
397
92
-110
-427
-577
-381
-729
-943
-648
-767
-948
-742
-729
-1019
-765
-437
-395
-386
-294
-458
-374
-369
-566
-575
-706
-808
-1019
-1231
-1094
-850
-678
-451
-409
-303
-281
-303
-233
-180
-202
-190
-139
99
7
-86
56
155
614
616
496
534
513
460
682
815
660
610
606
618
539
697
727
794
977
787
529
509
874
1131
1042
891
627
587
625
740
1062
903
662
832
652
500
658
308
128
18
200
104
-166
-75
-324
-191
-230
-594
-685
-539
-732
-879
-852
-731
-831
-787
-445
-566
-400
-186
-236
151
242
139
399
181
250
250
125
105
-88
161
349
202
71
276
290
133
234
191
228
182
-273
-345
-47
-75
-61
-1
61
97
-36
-152
84
-54
-553
-15
92
71
106
37
191
220
595
541
797
607
585
1277
704
554
761
400
612
507
267
413
140
-309
-227
-151
-483
-609
-563
-652
-904
-1183
-1267
-1135
-1233
-954
-950
-1116
-728
-984
-1006
-872
-1239
-944
-955
-1360
-964
-853
-1117
-765
-361
-518
-502
-308
-355
-215
125
50
134
290
-37
-3
5
75
205
394
500
249
328
165
-23
103
-106
62
545
402
405
802
651
743
1132
931
983
1177
1434
852
674
838
681
596
507
874
752
1101
920
1089
1184
812
636
209
236
2
-184
-395
-542
-208
-151
-510
-162
-231
-265
65
-331
-618
-512
-469
-718
-903
-744
-1092
-1310
-781
-1067
-969
-458
-489
-666
-318
-187
-427
-19
159
202
289
438
609
507
488
602
450
303
452
441
186
133
397
685
609
866
1231
1143
813
727
1075
944
456
140
1
-54
-270
-627
-540
-200
-449
-478
-84
-77
33
148
-23
149
301
-123
-373
-758
-756
-779
-858
-661
-734
-752
-971
-626
-672
-1226
-1381
-1479
-1551
-1809
-1957
-1919
-1987
-1580
-1190
-1271
-929
-780
-809
-337
-217
-108
42
153
283
296
692
751
566
657
618
259
136
-12
146
363
283
361
120
340
504
219
348
351
65
-25
22
17
63
98
128
-61
-329
-320
-262
-105
-120
13
408
661
354
271
407
229
92
-237
-232
-490
-320
23
-139
87
111
241
492
607
592
207
220
410
170
-14
205
285
133
398
707
457
384
371
224
750
799
404
565
568
381
442
577
264
0
234
298
517
548
203
265
161
-206
-296
-349
-78
-31
-93
111
156
226
244
287
-16
160
145
10
606
470
638
1215
1083
1360
1731
1410
1057
1047
689
32
423
-148
-589
166
-202
-146
17
-59
172
96
114
99
-68
180
-187
-319
-50
-247
-237
-340
-110
-73
104
302
248
140
-227
-273
-25
-335
-376
-285
-929
-520
-346
-490
-493
-649
-692
-747
-636
-688
-826
-714
-479
-839
-790
-782
-653
-396
-609
-576
-579
-440
-457
-802
-630
-801
-837
-690
-812
-704
-574
-650
-871
-338
-319
-239
-238
-184
-247
-593
-153
-582
-1129
-668
-567
-497
-20
-41
-10
18
-141
-326
-117
-263
-555
-41
-405
-684
-258
-458
23
247
111
531
467
422
620
928
561
500
895
478
461
912
899
996
1119
606
817
627
60
117
34
167
-174
-97
162
-150
197
246
33
603
523
582
509
133
166
54
147
-215
-65
345
-170
-85
463
163
10
17
-294
-426
-37
-543
-714
-553
-1104
-493
-296
-730
-615
-710
-603
-79
-568
-749
-93
-49
-28
80
-145
134
121
89
318
165
325
600
393
242
350
24
-3
-72
-51
157
-218
180
839
283
407
772
755
835
556
405
609
618
420
597
675
703
716
551
504
759
602
560
546
83
72
-139
-295
-231
-474
-430
-403
-625
-520
-543
-593
-336
-390
-547
-338
-543
-629
-415
-496
-316
-371
-176
235
-196
-177
28
-286
-52
-461
-581
-149
-822
-901
33
-86
-469
18
-313
-596
25
0
22
249
-30
-161
-15
-124
120
11
-118
-88
-1175
-558
20
-1043
-645
-271
-1033
-307
-297
-822
-80
-87
-471
-147
-40
-76
473
9
-37
446
661
1008
403
707
1191
433
948
915
483
650
351
165
198
-40
-327
-172
-241
-85
242
122
574
609
151
535
44
-171
-307
-663
-621
-649
-502
-435
-707
-773
-539
-734
-465
-358
-186
-194
-328
264
215
-164
-53
-106
107
-15
-258
341
80
-24
323
37
123
154
78
437
517
238
347
479
574
1004
983
730
712
1009
1002
725
851
778
461
753
742
-105
-18
692
106
-363
98
152
-1
-307
-385
-464
-953
-768
-317
-877
-1035
-743
-509
-276
-229
-536
-333
52
-54
339
384
341
536
290
303
739
477
182
-176
-478
-460
-439
-665
-602
-843
-1116
-620
-900
-721
-305
-557
-332
-105
-222
74
-151
-93
323
64
334
-66
-355
-49
-599
-206
-344
-655
112
-815
-791
-331
-746
-331
-947
-761
-278
-515
180
275
250
549
-55
285
653
52
359
114
168
281
-239
-184
-169
-174
80
144
95
59
-147
22
-181
-409
-578
-866
-721
-660
-944
-831
-565
-744
-562
-84
96
-49
11
175
85
137
170
166
593
318
339
650
621
462
152
84
-203
-214
-29
-132
58
617
548
575
304
505
850
751
629
558
758
546
665
494
516
437
148
459
327
149
942
935
420
747
430
-51
-221
-50
-51
-94
-311
-510
-255
-323
-209
-428
-498
-673
-646
-314
-322
-127
16
103
295
212
377
202
-337
525
623
37
311
121
-59
308
183
486
462
353
710
614
1041
889
550
1052
938
867
877
497
598
444
852
672
87
332
301
483
278
-37
344
516
149
94
397
-288
-803
103
-32
-432
-141
-432
-682
-508
-520
-732
-407
-541
-744
-872
-1009
-1009
-1230
-1019
-875
-982
-1250
-1109
-1007
-1028
-975
-1218
-962
-705
-1190
-855
-414
-555
-374
-360
-182
-218
-382
-391
-262
-32
11
-60
56
284
208
-5
38
84
338
394
89
-220
-824
-652
-718
-1027
-996
-930
-526
-458
-199
-136
-134
-76
-2
-45
-129
-649
-935
-72
-652
-1031
-630
-640
-647
-292
-26
350
397
409
1021
640
788
892
820
604
156
253
633
568
403
653
371
372
693
919
865
359
658
933
423
941
452
380
1087
678
1160
684
350
935
325
205
706
523
637
998
1145
941
829
876
649
750
582
421
416
-103
-128
-40
-453
-472
-728
-795
-485
-453
-351
-106
-475
-753
-529
-583
-339
20
14
228
296
125
510
432
606
775
244
152
560
246
-30
526
156
-254
32
-394
-444
-35
-313
-133
2
-208
-330
-327
-635
-884
-828
-694
-396
-650
-921
-936
-962
-592
-926
-1136
-627
-1008
-901
-248
-186
-460
-255
-54
22
-117
-167
383
311
212
210
198
154
-85
113
208
73
89
-170
-517
-385
-289
-137
109
-320
-346
-621
-898
-629
-720
-541
-330
-270
-511
-346
-336
-453
-296
-300
-374
-622
-671
-586
-481
-415
-92
-54
315
623
125
104
574
182
-76
429
297
240
332
648
720
785
860
862
1137
1200
1185
920
877
862
616
736
930
815
734
933
581
101
579
300
-82
-46
1
-236
-499
-465
-360
99
-175
42
282
399
649
419
1029
854
684
938
393
440
468
358
349
-87
-230
95
-224
-130
-242
-305
-81
-366
-312
-832
-682
-526
-978
-760
-704
-509
-83
-35
-200
-203
-19
-112
-270
-221
-293
-252
-35
-260
-43
31
-231
-108
-26
64
52
551
465
314
615
528
718
419
-49
-32
14
-23
-28
-108
46
98
-129
261
217
60
226
167
783
870
405
971
634
31
396
139
-278
-313
-174
-469
-648
-780
-460
-487
-801
-377
-617
-586
-686
-622
-862
-1139
-1062
-1329
-1029
-1019
-1232
-927
-1173
-1532
-1041
-1159
-818
-572
-1003
-661
-592
-587
-629
-509
-248
-548
16
27
-363
76
170
-2
149
374
-125
112
470
114
109
209
221
182
390
343
-45
-8
99
383
187
120
227
123
281
176
652
788
655
776
362
212
374
108
3
140
94
55
-232
-425
131
263
161
472
366
428
386
310
522
147
-130
-284
-278
-241
-372
-290
-492
-389
-264
-148
-26
-98
-127
25
86
-146
280
476
320
721
149
-96
526
379
151
302
532
187
181
227
240
236
227
334
303
591
298
92
490
330
247
576
546
703
653
506
382
225
244
437
344
-136
186
64
-363
-460
-635
-798
-716
-529
-515
-230
-328
-491
-374
-523
-550
-554
-855
-525
-426
-453
-219
-595
-387
23
-361
-289
29
-28
314
358
296
270
171
177
-254
-250
167
49
-86
-164
-124
-127
-364
-351
-450
-401
-30
-189
-431
-45
20
46
81
-121
17
217
397
164
59
350
39
161
535
172
178
282
89
-188
-14
-132
-250
-146
-527
-500
-634
-543
-375
-349
-626
-385
-9
-91
141
103
179
-138
123
-118
-238
-33
-740
-341
-215
-338
6
24
-177
-94
130
-13
-230
-13
-17
-158
306
-68
27
580
136
334
348
406
983
857
712
1029
1271
1002
804
1105
1053
595
562
1087
1001
730
754
341
320
281
125
197
86
215
164
-48
15
-67
177
62
-101
-91
-452
-572
-529
-928
-1240
-1184
-1387
-1373
-1303
-1124
-1394
-1531
-1133
-1118
-1304
-1247
-1296
-1168
-816
-927
-1097
-1082
-789
-776
-726
-330
32
200
199
401
443
156
364
497
305
422
599
921
807
794
1287
953
983
1397
968
1015
1018
786
1013
1040
920
929
1250
993
636
791
656
583
516
306
169
55
-71
77
37
-100
115
341
156
-1
35
-239
-229
-396
-757
-718
-887
-1298
-1472
-1459
-1240
-1208
-1021
-843
-917
-449
-676
-835
-669
-942
-764
-648
-799
-866
-724
-635
-761
-751
-652
-572
-339
-599
-639
-478
-514
-190
-470
-579
-190
-86
-34
194
255
274
401
92
130
298
110
282
476
316
128
382
656
269
10
222
60
182
368
182
453
482
493
607
344
504
575
616
734
201
-57
-86
-546
-426
-157
-256
-131
-381
-232
-401
-384
11
131
425
126
266
282
57
144
240
215
131
104
189
395
533
430
470
266
125
366
24
-129
-153
-121
167
163
79
596
193
-168
420
220
327
481
25
153
340
155
343
530
378
440
679
637
526
672
553
269
542
652
854
995
1007
1061
1070
1198
1266
1301
1331
1225
941
1086
1104
637
670
391
-232
87
23
-206
-101
25
21
-117
-169
-458
-698
-413
-425
-874
-1153
-1484
-1312
-1271
-1634
-1593
-1388
-1465
-1230
-1123
-1354
-1554
-1601
-1390
-1734
-1718
-1473
-1847
-1806
-1501
-1359
-1033
-876
-529
-536
-531
-3
-196
72
221
-101
54
155
44
636
741
326
921
216
-28
266
-225
138
139
150
394
372
854
883
534
945
583
292
772
277
86
144
-133
-203
-435
-485
-376
-358
-315
-154
5
-25
-205
-265
46
-133
-195
-55
-783
-695
-12
-96
-269
-29
80
-152
-276
-75
-534
-445
167
-130
148
384
351
429
337
763
1001
624
995
1010
697
969
644
193
625
692
135
313
523
129
28
52
-287
-190
-379
-648
-419
-355
-431
-444
-142
219
555
398
323
282
-32
420
325
-299
-82
7
93
222
140
278
418
807
530
783
610
224
667
-84
27
286
-185
125
225
-34
169
223
264
225
186
29
88
148
-196
87
-173
-325
-66
-139
1
-25
-29
-122
-170
31
-55
-229
-227
-270
-377
-167
-398
-523
-183
-236
-88
-131
-619
-661
-645
-954
-840
-609
-633
-603
-579
-321
-111
-19
248
45
249
116
-117
-197
-488
-149
-264
-330
-555
-480
-115
116
79
139
199
42
289
-27
21
7
-471
-820
-674
-655
-1054
-544
-535
-1003
-590
-539
-710
-552
-694
-621
-398
-589
-519
19
37
156
457
635
714
617
848
558
121
419
377
232
254
227
559
411
539
610
205
617
739
375
572
658
279
343
890
638
403
984
860
408
710
716
328
636
138
-305
103
-279
51
305
-196
31
287
324
366
501
494
627
527
289
278
-63
-201
-348
-591
-648
-473
-600
-684
-432
-689
-876
-975
-1399
-1126
-871
-1172
-694
-712
-740
-209
-150
314
279
457
892
743
685
469
910
580
274
842
443
545
809
542
523
780
512
158
363
44
26
270
341
319
179
225
459
954
637
365
618
79
67
452
-302
-683
-251
-301
-300
63
259
582
537
775
927
371
230
-29
-50
-291
-620
-774
-875
-619
-663
-790
-411
-235
-289
-493
-732
-573
-858
-913
-1099
-1115
-1106
-1473
-1138
-1077
-977
-245
-594
-736
-413
-507
-378
-506
-442
-571
-339
-172
-267
145
37
182
700
384
194
-99
-588
-324
-275
-426
-101
-126
-107
500
453
231
287
87
-113
-155
-379
-587
-671
-659
-623
-632
-606
-607
-279
-355
-328
-253
-219
8
-184
-148
-260
-342
-238
-457
-437
-94
-170
-45
13
-75
173
-42
-59
334
61
10
240
149
497
848
795
748
687
715
625
438
564
267
407
717
603
696
749
398
170
375
164
97
393
310
45
96
252
289
419
634
556
498
400
587
399
67
206
-56
-322
-336
-306
-660
-584
-802
-1031
-823
-1036
-725
-495
-540
-402
-454
-228
-64
-442
-148
303
109
315
559
512
812
1244
1413
1382
1392
960
972
1224
741
722
567
516
673
317
525
392
628
874
497
875
493
448
657
264
230
-24
-42
303
194
-10
-24
-283
-566
-659
-637
-778
-1016
-919
-955
-723
-696
-867
-460
-374
-292
-371
-542
-785
-900
-912
-1267
-1389
-1494
-1572
-1260
-1545
-1480
-659
-674
-347
-259
-171
262
112
117
-87
-244
-62
-125
-265
-397
-350
-84
-216
-240
-316
-589
-561
-265
-174
-355
-373
-142
-52
-173
248
427
627
1016
944
1142
1128
713
727
349
196
588
569
608
460
525
647
664
568
354
245
284
258
-22
205
217
148
254
252
266
-33
55
251
-102
125
60
-577
-552
-674
-658
-561
-396
-213
-227
-60
-162
-197
-125
-173
-440
-473
-346
-489
-508
-566
-394
-18
-15
-87
116
160
126
59
201
203
-379
-101
188
-483
-272
-2
-262
202
107
22
-2
-110
215
-314
-554
-281
-475
-110
159
-92
311
572
388
326
912
911
314
864
589
-75
261
52
-21
385
333
276
912
649
265
895
572
240
653
238
-221
-87
-668
-654
-541
-633
-385
-301
-234
-91
-49
39
-197
-603
-167
-774
-892
-272
-873
-815
-413
-937
-589
-240
-400
-261
-366
-153
-233
-409
-395
-386
-493
-552
-536
-407
-196
-287
4
-161
-401
-134
-486
-532
-260
-97
302
272
377
602
733
1100
550
453
517
-41
-81
-109
-24
-134
245
429
343
668
374
345
206
-213
-307
-291
-704
-948
-597
-626
-547
-437
-118
12
54
657
498
264
267
37
262
271
-230
-37
238
-197
138
558
185
361
629
419
408
421
89
480
641
229
531
327
239
695
703
550
849
842
548
516
335
-124
-449
-285
-91
50
90
220
438
712
659
385
368
362
219
42
-32
-438
-249
375
-10
203
163
-57
132
-428
-629
-563
-752
-1038
-793
-897
-1261
-826
-462
-683
-162
262
76
648
570
186
9
-278
-143
-297
-540
-843
-768
-291
-237
73
355
491
632
705
694
446
666
722
339
724
236
-60
439
-252
-136
162
80
39
-49
-46
-245
-207
-55
145
108
319
364
140
484
523
103
32
-128
-295
-26
10
-298
-526
-742
-683
-609
-884
-812
-659
-1038
-823
-809
-1138
-983
-1199
-1159
-1266
-1089
-818
-973
-796
-25
-173
-511
-136
-395
-717
-767
-568
-791
-663
-578
-336
-322
-359
-31
-76
237
550
777
919
760
659
761
265
377
516
7
232
421
328
1057
1035
761
1024
712
640
544
439
-98
65
614
183
11
52
-19
125
229
-5
-97
82
-23
-224
-128
-500
-324
23
61
431
856
1076
346
-17
82
8
-114
-59
-366
-349
-104
-641
-514
150
41
-75
264
316
155
106
461
50
49
87
-211
-320
-401
21
-131
-4
304
122
-100
-350
-755
-973
-1207
-1145
-602
-586
-429
97
-85
228
573
725
1036
913
821
890
1317
889
220
496
605
-104
-182
-99
-152
211
286
-47
10
20
-256
411
688
713
836
794
656
132
-6
-226
-696
-490
-478
-649
-1062
-1601
-1313
-1041
-1185
-1208
-868
-236
138
367
923
760
522
440
271
199
-207
-259
71
92
123
-63
-509
-358
-435
-708
-769
-454
-138
0
-140
-21
197
63
506
834
1198
879
892
1183
654
281
-45
-581
-482
-239
-543
-266
-224
-25
427
588
216
-269
-334
123
141
-58
366
231
108
-59
-327
-587
-654
-801
-587
-628
-997
-812
-803
-939
-1120
-952
-1012
-443
-198
114
1026
842
649
453
317
289
251
99
254
281
-87
-162
-386
-577
-873
-927
-639
-394
-288
179
421
-176
92
255
23
237
86
451
856
819
1015
514
215
48
-333
-288
-580
-368
-44
-53
91
175
63
186
719
1029
1208
1558
1356
1084
866
515
652
318
219
201
239
222
207
601
43
-661
-741
-568
-595
-517
-135
-67
-124
333
367
76
446
850
1028
1107
1290
935
362
217
-279
-768
-941
-1238
-1009
-1001
-838
-174
-263
-28
198
202
-88
-398
120
-156
-46
274
-260
-628
-922
-989
-1234
-1170
-1129
-935
-588
-482
-941
-1132
-993
-903
-345
86
667
823
746
749
718
253
-221
-408
-396
-540
-652
-438
-237
-184
-182
-104
8
366
660
556
636
528
252
535
154
145
487
522
399
384
366
80
-351
-682
-638
-935
-1131
-1105
-866
-1131
-1110
-636
-832
-381
110
-437
-243
247
-190
54
426
74
-8
-156
-275
-370
-443
-485
-167
134
12
457
139
-201
-240
-342
50
321
445
698
781
617
286
74
-112
-653
-447
-619
-585
-381
-874
-1137
-1103
-800
-770
-233
48
-204
376
274
-28
280
370
476
472
554
152
9
424
490
294
-117
-171
-26
9
-82
-46
90
122
487
562
459
731
1154
1205
1209
1666
1528
1331
1266
711
443
265
-15
-91
-268
-48
750
613
495
763
287
255
497
434
259
406
525
650
793
357
141
285
-33
-472
34
146
-351
-323
-338
-844
-983
-386
-438
-587
-466
-246
-26
-10
329
307
534
383
-112
135
-22
-170
-360
-695
-683
-594
-1037
-1155
-744
-526
-186
-247
173
-170
-308
291
-241
-48
513
867
714
584
555
67
-105
-312
-897
-1028
-354
-273
-429
-424
-145
121
67
514
678
643
928
1477
1191
1028
1000
317
220
-198
-664
-632
-327
-536
-299
-212
-531
-306
-626
-702
-962
-949
-891
-814
-551
-578
-125
142
33
-2
-127
-658
-549
-855
-992
-959
-1333
-1276
-1327
-1158
-1092
-864
-722
-207
-69
579
276
-275
598
342
802
998
353
352
515
144
-108
-62
-245
-455
-240
-66
149
-50
-586
-140
141
70
168
506
814
1115
1211
1224
1242
1136
765
456
205
-193
-81
-250
-595
-462
-113
-27
-56
97
334
162
-17
-122
129
755
667
897
1087
956
1038
1056
472
113
65
-208
-86
-120
-544
-851
-734
-739
-625
-643
-166
-61
-340
163
635
703
543
799
304
-79
-56
-634
-876
-1328
-1629
-1457
-1770
-1424
-1036
-1320
-1351
-834
-531
-753
-477
113
-12
166
966
1115
1140
1266
1164
876
927
620
398
164
-54
103
107
-67
-330
-82
50
-33
-140
1
-202
253
596
356
542
96
118
255
-131
-272
-492
-1059
-887
-502
-1170
-1445
-1300
-1538
-1719
-1847
-1656
-1432
-1049
-334
-178
-241
-15
-46
-124
42
-415
-592
-256
-874
-887
-498
-854
-812
-292
-207
-57
155
89
485
734
279
567
885
671
977
1328
1366
1075
1227
1097
1484
1186
629
1125
819
148
276
29
-75
387
-38
-105
231
444
486
1185
1138
843
590
337
666
318
-103
84
39
101
-51
-533
-203
-350
-368
-369
-343
-676
-647
-304
-504
-112
-379
-260
228
-126
-239
35
114
291
87
-60
-69
-366
-13
-89
-488
-440
-430
-696
-342
-213
-332
222
257
320
549
536
197
360
695
444
819
850
672
874
811
933
734
449
253
173
131
234
659
877
1262
1733
1494
1146
1202
1128
1010
731
239
305
543
254
-43
-418
-190
-178
-598
-342
-240
-912
-470
-410
-804
-377
-689
-633
-780
-901
-874
-939
-909
-615
-887
-620
-457
-1116
-751
-480
-1139
-1377
-1043
-1138
-767
-1405
-1191
-280
-762
-694
-497
-668
-418
-130
-108
-135
-48
196
368
562
646
405
535
532
80
-117
-214
43
-31
-89
-35
-594
-572
259
-191
-241
634
185
24
461
245
60
246
-121
-352
-351
-678
-391
-404
-1029
-570
-187
-523
-489
-444
-983
-617
-128
-414
-721
-447
-127
-637
-9
218
-164
376
656
297
362
361
724
198
50
737
-241
247
146
-328
348
-223
2
344
-178
226
113
184
398
361
640
213
472
369
57
322
145
295
238
-445
-313
127
-142
123
-69
-271
-430
-330
-298
-412
-12
153
411
175
244
-128
-46
277
92
206
245
-17
-79
176
53
-8
149
199
516
210
-113
-116
-130
427
290
77
236
342
-176
40
218
39
479
395
479
400
366
425
155
372
181
395
237
302
801
306
834
880
785
663
220
733
521
90
919
976
569
864
574
251
187
73
62
-112
99
175
286
742
566
657
918
350
-41
-140
-360
-542
-917
-872
-467
-1091
-1026
-794
-1091
-609
-1113
-1136
-1343
-1500
-1032
-964
-1198
-1680
-909
-1192
-1765
-1088
-1793
-1530
-733
-1085
-710
-128
81
65
222
-87
-440
-548
-713
-813
-751
-358
335
334
623
531
112
771
243
-30
444
89
61
788
529
614
1134
665
868
1109
959
862
434
689
931
654
973
805
581
694
45
212
449
59
348
620
317
356
355
-293
-221
-200
-247
-271
-335
-307
-133
171
215
162
518
481
175
232
-362
-379
-482
-650
-433
-296
-242
-278
-468
-438
-466
-428
-117
-536
-359
-2
-369
-99
213
48
9
-56
327
56
-66
49
-110
49
94
398
379
479
290
140
443
43
80
208
50
574
394
64
312
189
213
267
449
171
-27
526
656
552
234
208
363
52
-415
-40
235
-23
582
1043
754
1079
1216
640
554
415
179
-200
-303
-281
-414
-248
-291
-389
-441
-512
-665
-866
-501
-525
-664
-430
-775
-587
-595
-722
-184
-661
-920
-327
-174
36
-100
-177
-267
-413
-518
-967
-619
-1040
-1085
-649
-728
-501
-503
-327
-335
-387
-511
-368
-384
-698
-638
-761
-1141
-769
-494
-1173
-849
-526
-818
-760
-694
-567
-609
-598
-323
-13
-46
-23
-192
-235
-153
-88
-12
-293
-142
66
-94
17
191
-309
-264
-305
-272
43
34
273
995
1256
1322
1995
1792
1467
1348
1045
909
1004
675
878
862
456
808
915
724
448
560
463
441
373
169
485
429
321
612
406
149
218
105
-56
-284
-356
-186
-419
-497
-590
-672
-504
-895
-667
-681
-735
-346
-203
-77
31
316
293
727
495
418
764
382
538
307
-10
60
-102
-209
-272
-356
-298
-434
-321
-382
-416
215
467
421
95
499
756
370
624
376
119
423
254
-13
-5
135
98
-362
-475
-395
-652
-803
-588
-471
-223
330
324
175
432
456
642
750
310
241
265
40
-75
-230
-330
-383
-497
-531
-607
-455
-449
-627
-289
-242
-407
-338
-44
153
-277
-360
-306
-345
-327
-229
-361
-540
-305
-426
-507
-462
-727
-848
-910
-1245
-1086
-1352
-1207
-847
-961
-330
-39
263
288
338
541
225
231
82
-176
-16
-24
-131
-222
-315
-389
-266
-152
-31
221
628
544
746
1064
883
1227
882
663
641
945
857
599
939
720
573
424
-47
-16
67
-376
-274
-287
-258
-224
-25
-217
-500
-67
-148
-253
-229
-145
-191
-443
-569
-555
-473
-272
-373
-617
-518
-372
-415
-363
-273
-412
-99
-40
91
582
530
695
1080
1078
952
828
967
744
524
504
5
-33
-66
35
-36
-299
6
136
125
224
317
509
396
335
428
383
570
699
572
349
211
156
-151
-288
-491
-958
-583
-387
-438
-733
-611
-372
-707
-500
-512
-652
-593
-575
-881
-804
-903
-963
-644
-1030
-963
-1025
-1138
-911
-930
-863
-915
-568
-665
-804
-502
-404
-487
-427
-250
-261
47
-315
-327
143
171
213
131
-35
11
-77
-296
-425
-588
-179
168
88
15
356
394
173
61
-46
76
171
271
174
401
766
1080
930
715
1312
1180
957
1341
1139
1278
1243
581
679
458
304
728
551
561
502
305
730
511
-87
6
-132
-370
-153
-483
-673
-183
-413
-597
-624
-529
-415
-581
-378
-511
-210
223
239
427
612
454
730
1182
755
700
678
417
414
502
114
-56
294
34
-28
98
-41
-157
-178
-292
-622
-848
-676
-509
-300
-45
20
186
339
191
-62
-166
-34
199
69
313
298
195
342
19
-103
159
186
285
757
998
1230
1078
910
992
754
560
550
-32
-278
192
-2
-344
-592
-528
-433
-888
-796
-839
-1197
-904
-823
-874
-495
-484
-421
-117
-108
-186
-170
-334
-160
-271
-736
-511
-685
-376
-354
-673
-551
-587
-495
-667
-1199
-866
-593
-828
-183
-190
-59
184
136
371
-32
-237
483
550
306
532
295
132
377
553
-6
-405
-93
-116
-312
-61
-252
-235
377
709
658
619
949
943
691
455
417
252
164
47
260
268
-151
-17
-153
-376
-200
-385
-617
-393
-590
-540
-555
-673
-597
-824
-957
-642
-565
-499
38
-41
64
628
227
275
274
-287
-45
-549
-544
5
-141
-396
-185
151
183
376
376
72
339
657
36
71
280
70
126
-39
-66
-135
-213
-17
-65
80
72
12
295
207
233
260
152
277
126
-5
68
210
179
53
5
-72
-155
-342
-290
-539
-745
-465
-476
-344
-266
-354
-155
-81
-172
137
158
138
270
144
473
335
356
451
62
65
49
-344
-240
-89
-542
-221
-184
-160
457
133
22
137
-34
311
638
804
979
1219
1196
1206
1061
1054
1125
882
1149
1204
1107
919
1036
858
575
593
312
382
370
168
1
0
-37
-100
-250
-372
-193
-336
-120
-38
-288
-198
-407
-294
-505
-595
-583
-522
-438
-815
-614
-777
-890
-455
-921
-998
-414
-940
-701
-428
-942
-774
-600
-786
-1235
-1082
-769
-1143
-689
-462
-719
-400
-557
-477
-653
-633
-287
-297
-56
118
135
318
347
324
521
114
341
445
162
684
804
647
699
551
638
645
361
494
519
646
704
256
291
491
298
336
240
33
290
601
446
217
165
317
339
351
579
670
419
353
499
216
179
180
69
-200
-411
-406
-584
-716
-610
-723
-1161
-742
-538
-935
-863
-544
-425
-727
-277
-212
-459
-190
-266
-247
-60
-5
-264
-344
-175
-27
-280
-173
-242
-269
-52
-563
-243
1
-168
365
103
-25
656
362
301
344
-3
93
391
295
25
263
89
-99
296
73
-83
518
547
409
541
323
263
628
384
309
695
404
402
580
503
509
593
611
589
510
350
95
-100
11
-136
-152
-34
-105
-77
46
-235
-128
-78
-620
102
304
-444
-427
-386
-512
-509
-445
-530
-531
-263
-366
-636
-679
-392
-624
-676
-299
-348
-234
-329
-495
-812
-890
-1127
-1414
-1298
-1285
-1421
-1520
-1121
-1081
-1489
-1181
-708
-863
-816
-490
-266
-271
-113
227
-188
-529
-31
-252
-495
-87
-174
1
272
221
354
445
612
742
546
542
538
463
287
106
261
90
-3
289
188
-87
106
124
-118
325
419
111
468
475
242
323
293
-23
198
422
237
391
389
737
944
878
813
968
978
773
666
441
348
157
26
-123
-149
-209
-75
-199
-264
25
136
193
99
386
750
401
292
544
794
760
420
771
762
578
292
-227
-277
-302
-239
-211
-491
-284
39
13
72
347
549
77
479
759
211
545
666
338
484
527
1
74
279
99
147
-219
-451
-167
-355
-376
-312
-562
-107
28
-180
32
-1
15
287
180
-111
-61
82
154
396
236
96
120
6
-51
11
-98
-418
-38
-207
-248
-69
-220
-79
-407
-555
-479
-665
-613
-530
-839
-821
-835
-1092
-898
-1126
-1146
-573
-764
-430
-149
-389
-288
-379
-309
-442
-510
-466
-390
-500
-418
-536
-420
43
-335
-133
-50
-71
0
-37
233
198
11
268
207
-33
217
122
-119
-149
-385
-420
-347
-767
-859
-711
-610
-624
-528
-514
-379
-249
-382
238
251
-15
367
399
592
492
418
752
770
828
861
882
905
729
769
958
1044
1339
1069
856
1257
1257
1154
1067
944
868
724
730
395
169
436
431
86
-3
114
-66
-43
-1
-325
-346
-364
-750
-673
-586
-523
-383
-380
