4893
4211
3966
3055
3116
4357
5870
5145
477
59
5319
1300
-1320
1024
1088
1757
1121
1798
-1596
-1979
-400
-3083
-1295
83
871
-2035
-1120
1658
-2105
1731
4537
539
2923
3972
2954
2648
2252
3395
-623
1774
2989
-2158
-1909
-1008
409
-3477
-973
-2674
-4804
-1759
-2621
-2544
-3978
-773
163
-2666
-3289
-2792
-4708
-1820
1871
-2086
-1749
3170
774
-826
987
747
-2220
1506
2341
-856
-1236
-1259
-370
-4115
-1485
-2388
-6349
-3506
-2242
-3101
-2428
-2866
-3596
-2750
-1629
-386
-2350
-358
-1020
-2036
-87
705
-1859
-4004
-463
-1499
-1730
1268
120
-796
3419
904
-2963
-3639
-1016
-600
-3729
-231
-3104
-5490
-3673
-1638
-2610
-1816
-1982
-3723
-3902
-164
-720
90
589
-1075
-1006
-1397
461
-3476
-1979
-1565
-5419
-848
-2107
-4216
-9064
-5494
-4157
-5607
-4789
-5073
-3801
-6668
-4008
-3355
-3312
-581
-625
-2791
-1002
109
-3069
-1545
-1635
-3227
-543
2032
-2081
-2326
749
-1367
-1754
185
-2403
-4072
-5599
-1505
-1746
-5235
-3673
-3502
-5604
-4341
-3715
-4717
-3993
-561
99
-2653
-152
-973
-3518
-496
559
-1087
877
1911
128
-2338
1640
-25
-4682
752
-2127
-3640
-1808
-2154
-1534
-1707
-508
-4256
-5202
-908
-2472
-3971
-1724
-1189
-2178
-98
2292
-2519
-3157
2435
839
-1310
1425
337
-1349
2801
3575
-56
-895
2563
-2115
-3526
284
2191
-3377
-4595
-887
-4186
-4095
-758
-3515
-3790
-170
-203
2290
2206
1485
949
2347
1566
451
936
2430
2707
-1673
1800
831
-1159
785
269
-1433
-2912
-107
-1581
-1141
2824
2582
-1098
130
1643
1977
-148
554
46
-3566
-396
-1630
342
1892
1767
497
1849
5609
1773
1683
5656
3767
1137
2866
3817
-114
-61
1869
-395
-1054
2600
-427
-2403
-1590
-1819
-1771
195
1319
-1932
-425
3966
1838
1719
1524
1793
-439
1369
2944
246
1784
2072
349
870
3284
2052
-1425
-15
1209
-1616
-1134
-1412
63
-1874
410
-845
-488
3640
-493
-637
1835
2469
2110
2278
3844
2733
1331
2327
-432
40
3738
2332
-402
2222
2649
-2869
-583
4073
746
290
970
-123
-645
-186
1305
-1151
-1168
-550
-1132
-2033
103
1356
-2474
1472
3051
-511
3278
2912
2233
1904
4378
4273
176
3345
4436
1757
1744
1537
-1252
-3527
-16
-1966
-4362
-995
-342
-1414
645
3100
1029
437
3156
-67
1200
3791
3100
2744
1195
442
-1181
-620
1468
-194
-3801
-291
-154
-1510
-176
-1624
-2264
-3394
-947
-2962
-2407
995
-4343
-2962
38
285
-1118
-93
1771
-2221
-1933
1807
885
250
2839
882
742
2432
1469
-1826
-1580
3465
470
723
1585
-1581
-3917
247
-737
-3271
593
1109
-886
-204
2682
2844
-1370
3974
2475
-625
3569
3527
899
1045
3997
2761
851
4190
3671
2285
5646
4365
-507
4216
3009
-91
-465
3000
-453
-1847
2426
-3181
-758
-1494
2320
-289
-1958
1944
-804
59
1688
2353
-1084
1509
2167
1325
2230
3576
1492
164
1990
-833
-2810
-2362
-1426
-5029
-2077
-1275
-3206
-1484
-1402
-1604
-1832
151
711
-623
2027
2116
-696
1348
3391
-523
-95
1641
-2825
-2499
1010
1717
-1479
-357
1178
-1174
-2832
-465
10
-3041
-1843
-2188
-1248
341
1262
-1618
-9
576
-3035
-1604
1167
877
-364
850
587
498
2241
4221
437
-714
3526
1835
82
780
-411
-1619
-2133
-1532
-3587
-3542
-447
-2699
-1086
-986
-2805
-2135
-1183
-406
-677
1025
3087
-138
-882
1850
-590
173
1028
927
-1034
993
672
-1513
-807
12
-1817
-1706
-1118
-1703
-4908
-2261
1200
-4048
-2615
-1183
-3367
-116
-488
88
-1911
902
1250
-581
2285
2152
1622
1947
3742
1026
-1181
2630
2241
371
747
746
-1917
-4394
-2070
-3291
-4080
-1868
-5357
-5996
-2854
-2002
-3050
-2177
1237
-3147
-6701
-678
-1730
-2367
-736
-627
-1790
-532
1699
-2548
-1996
1269
-3211
-2097
-958
-90
-4615
-2695
-490
-3228
-1405
-482
-2318
-3328
-559
-2196
-2480
772
355
-3029
-2244
2440
-837
-2155
2044
937
-1486
1682
141
-2225
-171
1842
463
-1265
439
-3656
-4771
-1816
-3244
-5086
-4218
-1127
-4062
-5078
-841
-1841
-467
327
-606
-487
1687
1888
-1314
-688
2805
697
-3074
815
-1334
-2864
1222
225
-1138
-398
-822
-1984
-2975
452
-1483
-4982
-1472
-2171
-7027
-3602
-1848
-4726
-1056
-971
-287
-2019
412
281
-777
3658
4977
3763
4688
7047
1405
-163
3478
182
-223
342
101
-427
1253
764
-1896
-1761
-299
-1467
-3563
-524
-2158
-2006
-476
2262
1898
-336
1757
1716
2828
6564
2792
639
3955
2775
325
3013
3419
1112
2541
2835
444
62
2800
2032
-76
1135
1634
1521
397
129
-1397
-1658
1587
-904
-1134
1396
2471
-877
1887
6498
2221
3172
3606
832
3221
6133
4258
840
4082
6556
1018
-992
2799
-443
-1601
3243
1550
-703
321
404
552
1565
1816
-647
1794
2453
534
1418
2106
2595
-861
3899
3336
-818
2131
2779
1708
523
3799
2153
-1751
-384
1497
-1191
-2173
541
-444
-2333
-979
937
-1452
745
-50
634
1330
397
-251
4134
5765
1033
1033
5711
5159
1519
4530
4663
4022
2935
6062
1232
-1932
1941
655
-1842
-1457
-722
-5362
-3250
-1888
-4773
-4188
-1865
317
-1258
1005
4718
2663
1873
4217
3291
1241
4118
1228
4422
7632
1318
475
1949
1823
229
207
1054
-947
-614
-2440
-1774
-1497
807
915
-2366
-2227
622
24
-2025
1858
398
-602
-1125
2169
-135
866
4669
1985
1923
4962
5013
2163
1458
395
-1444
1015
-576
-4297
-1895
-893
-1270
-1336
1903
-153
-2279
-11
1274
-630
-1742
3232
2048
1630
2585
-141
-1641
1812
746
-3440
1298
762
-1837
1232
-340
-2050
-3919
-273
-31
-502
-21
-4488
-5328
-4315
-946
-3610
-2799
576
-1998
-5035
-1159
-1113
-635
1783
1753
1216
-513
2074
114
-2595
3046
954
282
1371
13
-2401
-1002
573
-3566
-3587
-3482
-3129
-2814
-1098
203
-2069
425
188
-2024
-2341
1136
215
-2410
2200
2105
798
3238
3764
2748
3018
2336
1101
128
1677
-1075
-1231
50
-531
-2551
-691
-1238
-5713
-6391
-1261
-3284
-5411
-1318
-3024
-3512
-2407
-854
192
493
2282
-467
1401
3601
518
-3042
1470
832
-519
2192
1316
2092
1093
1399
-952
-2535
-2044
-1940
-2696
-2327
-86
-2083
-2460
1165
1990
-1619
-120
881
2265
981
78
-2531
-2013
3493
-1006
-328
2541
-621
-1609
-111
-696
-3529
-4631
-176
-4409
-3558
-2045
-3934
-5049
-1391
-1159
-5166
-3125
343
-1432
-3542
651
762
-304
1143
1321
-592
-400
1844
-3006
-2209
374
-114
-459
-1421
-3194
-4788
-3743
-5610
-7781
-2448
705
-705
-452
2586
-3072
-4629
-1470
696
-1271
393
2494
-640
1283
2775
972
153
887
637
-2057
693
2130
-1252
-533
3895
830
807
57
-1979
-851
-2371
-1318
-4753
-3015
1129
-3713
-3104
590
704
-1000
-618
1370
-2644
784
1286
224
2708
2937
-1291
-520
5388
2327
1629
740
1768
1255
817
2322
-617
-1788
-526
675
521
41
-628
-1661
1381
1934
-1564
-1235
3406
2902
-428
-219
1619
3674
2353
3634
2568
1528
4744
1713
-683
1457
1133
-621
1721
2125
1136
1669
1524
-1451
-1431
-711
-521
144
320
2891
-148
-438
1478
2013
2118
4952
3562
1025
5808
5346
-1199
304
1612
1230
2955
1802
773
-279
1501
752
-1959
-97
427
-1383
-153
2182
-379
242
3538
4716
4581
3759
4858
2299
3164
4783
998
1039
5496
2341
1200
1939
2921
2984
3166
4842
557
11
2496
664
98
1
124
-2447
-1304
1243
-1472
-24
-79
-892
-1058
1043
818
2304
3523
5189
4830
1799
3732
45
2434
4474
1660
2214
245
-635
-3426
193
1558
-2614
-1609
-613
-2848
-3659
-2366
-2172
-3768
-2809
-1780
-2371
-400
979
-2167
197
2917
948
-1491
2277
2742
-1350
26
3467
1927
1001
2389
329
-1272
-260
-1595
-2253
-2769
-2065
-3738
-2364
950
-1364
147
2181
482
-2526
-1249
91
-878
1286
2659
126
1961
3323
1008
-143
2134
1035
-495
1379
2493
-1097
-1241
-1429
-4160
-1821
-2328
-3845
-4162
-1627
1040
-2835
-574
274
-1683
-1541
2135
4299
1227
1660
4007
1771
387
1481
873
2023
3206
1301
-626
1120
2222
-1505
-830
198
-2276
-1206
1449
-2620
-4830
-1926
-3361
-3499
-3502
-1881
-2476
508
1357
-1209
1843
-594
385
1169
1353
430
-1686
1214
1543
-3745
-2441
-512
-2984
-3539
706
-978
-5119
-2386
-2849
-4226
-1494
-1170
-3629
-3523
909
660
-1971
1770
2500
24
-317
14
-1913
-767
761
-1139
-768
2150
1231
1018
671
2586
-3058
-378
-286
-960
-179
-1595
-560
-2406
1724
2646
-3828
1191
2376
-883
-1968
348
-1676
-3177
401
1450
-1112
-592
785
-2236
-1356
-320
-1535
-2613
437
-1324
-2948
-2080
-3479
-1743
200
-1161
-3245
-2740
-386
-846
-2000
-2064
954
-4326
-1038
3545
-314
871
1741
-1622
-1614
493
-228
335
858
61
493
1540
-232
-399
-1671
1303
-65
-2501
-708
-1329
-558
-1904
39
-954
593
1920
3133
2194
2244
1539
199
3297
757
-861
608
4914
2210
494
3340
2465
1336
1139
-336
-2123
-123
1152
-759
968
3016
-19
-3625
545
918
-1196
1393
545
-1166
447
729
273
-1442
1388
3795
474
2870
4586
945
625
5169
3145
-84
3796
1172
-2692
2562
738
-1113
-172
394
-300
-1331
1697
-635
-3070
-790
905
-178
2161
1732
-1890
485
3370
4467
1457
3837
3096
-659
335
2164
15
1472
3367
3067
1677
2350
1472
-2147
424
1429
-3553
-175
1447
-2834
-3744
-1386
-669
-4851
-2942
-1560
-3035
-2711
-2301
-1425
-2966
624
425
-5239
922
-625
-1813
2397
-651
-3970
-2999
-1570
-4772
-4703
-1278
-2159
-4220
-3228
-3057
-3078
-1460
-2160
-802
-2224
3179
479
-1981
3935
2
-197
3119
2318
-796
-1553
174
-1040
-2774
1168
-72
-6924
-3114
-2569
-4566
-4115
-4376
-5781
-4431
-744
-4714
-6341
-2982
-2137
-4124
-2807
1648
458
-1231
-168
204
1234
1561
-3909
-4079
-616
-1426
-1741
1816
889
-328
-2052
-1071
-1630
-4339
-1218
-2551
-6216
-7166
-6034
-7854
-6974
-5427
-4473
-4324
-2756
-1675
-1787
-2557
-463
904
1325
2321
964
401
793
3514
1901
3660
5559
-368
-3665
-1532
-1925
-1996
-426
117
-2070
791
1508
798
1268
649
-513
-1129
3098
-168
-1635
1771
1202
1710
1750
875
152
1307
3677
1218
-657
3042
2640
91
1921
3943
-666
944
2731
-427
-1031
479
79
-678
3571
3593
2728
3907
5333
1376
2635
6848
3391
1483
4932
3399
1263
3773
3776
3152
3881
6963
2800
430
3523
2396
653
1874
410
-1982
-420
338
1099
3001
2760
1448
-244
1779
2457
-1313
3750
4062
1765
2012
263
1974
-1200
2473
5947
2015
59
1067
-1129
-2219
1041
-2579
-1808
455
48
-4612
-1266
1460
518
4212
3826
1445
2123
2875
-376
-286
2444
1627
381
2866
3978
105
1533
3367
845
-1341
-721
-2045
373
2316
408
-2622
-2458
-2093
-2706
-1809
1759
-1482
-2509
-1497
-569
-1013
1123
5402
1393
558
3746
850
-1750
124
-760
-46
649
665
-556
-430
556
-2351
-3552
64
-194
-3727
-673
876
-2090
-471
1337
-2372
-618
1286
292
-3843
-698
1098
-2566
228
1232
-1170
391
2615
-265
1136
4224
4584
1005
1769
672
-1932
-683
-1189
-2492
-1596
2560
1614
-1779
963
1513
348
2376
626
-607
-128
2411
-8
2143
5618
4653
733
-335
1111
-1442
1028
1669
-172
546
24
643
-2556
1116
1964
-146
1428
116
139
113
5062
2609
-2107
-431
1123
711
221
2194
-175
2837
4019
2824
5778
4332
2911
3079
5278
5201
2557
2606
5294
2229
47
1928
-229
-1024
92
1198
-1077
1874
1752
-3070
-1304
1105
3880
1537
1077
1977
2838
3090
865
949
4206
4278
461
1502
7038
4135
750
1844
4008
-1271
-555
4204
-36
-1444
142
602
-1343
-1331
-2636
-2250
-2415
-981
-303
-1448
-306
-2523
-4552
-975
-932
-3406
-1574
-1853
-3244
-2682
1036
-2166
-2930
-1405
-551
-1287
-488
-1573
-5420
-3607
-2695
-4961
-5744
-2234
-5460
-6677
-3943
-2128
-4167
-858
45
-3447
-2268
148
-482
-762
1369
-4607
-5549
-2254
-2684
-3901
-2072
592
-3232
-4329
-1061
-5152
-4862
-2113
-3651
-3874
-6472
-2927
-2959
-4699
-765
-3132
-3269
-368
-2025
-4336
9
1775
-1977
338
1302
-1932
-2314
-494
106
-2261
626
-961
-3976
-2821
-1337
-4135
-6244
-2131
-6132
-6117
-1548
-5024
-5869
-2778
930
-3363
-3541
1236
-1369
-108
3558
1038
-1327
1312
1166
-1791
-12
1150
-368
1780
1052
-569
-710
2046
101
-1921
804
619
-3890
-2028
1047
-1474
-2485
1510
1078
-34
1537
1383
-553
-440
659
-190
119
2876
1476
-1382
2346
4701
3083
2860
3016
582
379
4824
-116
-650
1307
-716
-1230
185
479
3341
4350
2300
1287
226
2935
1988
1618
4913
5286
4395
6885
6035
1747
196
4902
3613
1459
3218
1050
-1633
907
937
-3234
-1803
-1455
-4128
-5084
-3115
-2879
-4768
-2047
-414
-2620
-814
1063
-113
1711
1124
1545
824
1328
2948
891
4440
3922
195
1277
-622
-551
-1663
-2125
692
-443
365
782
-2177
-1960
1246
1484
-841
1240
3134
1081
4592
2893
132
1432
3131
3970
1724
2596
3360
1959
2027
1909
-71
1149
799
-3276
-1692
526
-158
-551
1211
3123
-512
-254
3316
-698
836
3561
1896
1288
3530
3646
1664
1912
4669
1277
102
2064
-328
2026
2715
1456
535
-110
1464
-2202
-986
1348
-3859
-1676
-1520
-1998
-274
187
-1863
-4419
-462
458
-2699
-2143
-805
-2328
-2914
302
-48
-2547
1687
521
-3502
-1225
-2544
-4203
-224
1519
-1639
-2680
-733
-2732
-3796
-3478
-3921
-4930
-5296
-2293
-2711
-720
137
-2478
-5267
-1934
-1742
-2098
-1163
-406
-1802
-2269
1398
1607
941
1859
1781
805
2160
1702
-157
-1944
1998
-1763
-2523
680
57
-812
328
1877
819
2075
1761
924
490
2327
536
2804
1779
-405
1107
3429
1789
2054
3603
3162
1683
-262
378
1489
1648
886
1592
-544
-165
2218
433
-2235
-2127
-1902
-2571
-195
1654
-341
-844
1150
344
-745
1965
1908
460
2947
3330
-297
-73
3207
541
1381
1925
674
-1045
32
119
-4053
-2368
-2877
-6026
-3841
-1863
-2908
-4967
-3351
-1473
-496
2588
23
-4149
-902
2518
708
941
1340
1674
1137
1280
368
-2658
-1164
355
-2012
-2983
-233
-652
-2401
-1447
-235
-1980
-1743
-2142
-4820
-5253
-2846
-2589
-2340
-1016
-3618
-2843
1006
1299
-1418
-1313
-88
-2799
-2959
1460
-152
290
1050
-1338
-3646
-3137
-1799
-4244
-2892
-1735
-1768
-1868
-1031
-11
-2221
-1922
666
-1227
-1789
-508
-2582
-892
2789
2864
1391
-1078
2124
157
1775
4511
-1942
459
2204
1646
1436
511
-956
-3290
-502
316
-983
-2415
-425
68
-1564
2800
2496
1149
4066
2895
2772
1127
2628
2618
282
2404
334
1598
3937
1964
2162
4175
6176
4539
1349
5714
3595
-144
1446
684
-131
-663
1631
-2009
-664
732
1125
2033
3320
2238
1635
2966
4073
3730
3245
7571
4392
-876
1908
1300
2259
2966
1070
1206
1263
4143
567
1648
2053
-770
-1181
-2616
-1994
-1415
953
2553
-467
2687
4984
539
508
1242
3734
2013
2665
1774
-342
4167
6643
4930
5307
5984
2521
-1475
1927
2319
-189
1219
2382
-812
-78
3027
1660
993
-336
2448
617
2053
4019
1152
2463
4196
2283
3575
3168
4646
1481
2934
4492
711
3779
1881
-762
1596
4822
2468
966
2190
1499
-493
-2053
124
-3117
-1343
352
-1065
-618
3232
1615
1426
4411
2920
3202
3845
5744
2468
688
2906
1772
-108
2246
1861
-1166
1117
-2348
-3499
-2219
-1807
-5974
-2494
3470
-2202
-354
-454
2229
2517
788
3485
-2118
-816
982
818
1384
986
1777
-1715
-1805
-16
-1894
-61
-1762
-3536
-3855
-3857
-4882
-6110
-4758
-5065
-4534
-6994
-4326
-6204
-5313
-3993
-5986
-5901
-5366
-2344
-5178
-3144
-1127
-647
-2894
-2679
-2955
-5799
-3461
-2050
-3780
-2254
-3315
-4802
-5402
-4135
-4107
-6965
-3838
-6062
-6565
-5014
-5557
-7006
-5608
-2539
-4529
-7580
-3016
-2863
-1185
616
-245
-3645
-2333
279
-2571
-520
2790
37
-3028
531
459
-3382
-1935
425
-2593
-2812
460
-1116
-3042
-1991
-3524
-2979
-1861
-838
-3063
-2067
336
-3427
-1970
1757
-269
-1320
1465
-1070
-611
2675
2711
235
916
3749
-466
-592
1857
129
-3832
-628
-203
-2952
-636
719
-1609
-568
1710
2565
2397
3040
4691
2782
3144
3926
3083
4498
5007
714
1708
7046
7138
5213
4337
3857
1766
1487
2147
-614
1491
2660
-113
-1786
1535
2948
248
1796
2869
3493
872
7952
5628
4045
6695
6773
5082
2818
6547
3168
3867
5682
3277
488
3510
2907
-650
2297
3618
3052
1837
2540
2577
1085
2104
2514
2525
3835
5229
3740
2276
4245
2370
1770
5591
5637
5262
6631
7973
3285
8604
8330
3743
5687
4635
1947
-431
4562
2493
-2269
-587
-168
-3207
-2197
4418
2658
3027
2677
750
1545
518
1190
-305
2653
2357
823
2239
2565
1507
-436
2890
1427
155
2327
2740
1328
1483
4177
-1356
-2882
-2765
-2388
-2834
-1890
1387
-3492
-5817
-4998
-2556
-961
1745
-1059
-1451
-2580
-1451
-1054
65
-1346
-6747
-3760
-2839
-4321
-5634
-2548
-2258
-7338
-6086
-4051
-7176
-9739
-5347
-6684
-8190
-4444
-5611
-6559
-7821
-5976
-7312
-8231
-5041
-7292
-6855
-2985
-4265
-4170
-3153
-4270
-4762
-4470
-1930
-3205
-4598
-2231
-4657
-3372
-991
-4721
-6325
-2818
-1479
-5296
-5234
-3409
-5518
-7581
-6793
-4651
-8064
-5920
-2550
-7106
-4186
-5505
-7295
-6074
-3389
-2146
-4861
-2540
-3256
-3599
-48
-1429
-1979
-172
207
-3577
-4947
-2245
-3806
-5334
-2675
-2227
-4956
-3923
-419
-551
-2653
924
-627
-1601
1548
2170
2830
1530
2463
-1652
309
2310
-468
1154
1940
3262
-1414
-2094
-420
-1019
971
1265
-826
-3336
1412
-352
-3558
-1671
379
-855
266
1585
-1323
-1980
32
-1226
-1874
1949
82
-4059
-2612
-613
-2384
-1708
-961
-862
-1173
-1242
-1020
-5087
-3043
-2259
-4225
-4410
-2894
-2175
-2919
-1250
179
-268
-48
1282
-2318
-409
881
918
751
4288
909
363
4464
3866
2643
2484
3279
-224
1054
3266
2464
1778
4400
4208
4558
7067
6836
4493
7037
9614
7701
5428
10220
9692
7142
11917
12497
12096
12590
14404
10280
11969
12430
11511
12126
10303
8872
8551
10937
10033
7338
8649
8182
7657
7099
9132
9655
8145
8390
8718
8262
6630
10053
6902
7959
11099
12382
6967
8363
9298
5265
9628
8144
5932
7205
7739
5691
4395
6577
4968
2791
2430
3660
3745
3051
6003
4291
7851
5919
4440
2811
5337
6955
3004
6460
6001
4447
3968
4005
3281
2604
5430
1950
-480
2697
2113
336
-2651
2168
-1236
-2179
796
-4159
-4896
-2722
-738
-3672
-5015
-1099
-4493
-3719
1306
-3533
-2097
2249
-318
-3096
-3025
-1450
-3243
-2794
333
-3623
-6639
-4484
-6313
-9062
-7272
-8323
-11077
-12400
-10698
-11170
-12314
-12550
-14796
-12287
-11648
-11528
-14854
-10873
-7707
-9339
-8087
-8486
-7623
-9746
-7095
-8340
-9932
-8511
-4813
-8375
-6865
-4903
-4826
-7940
-9056
-4927
-9915
-8622
-8437
-11271
-8348
-6983
-8183
-8864
-7309
-7709
-10121
-5679
-7799
-8808
-5915
-5876
-8758
-9455
-6202
-6420
-7788
-7869
-8289
-11656
-11255
-10350
-12141
-12117
-9020
-14253
-15904
-11031
-10797
-13085
-10177
-10405
-12611
-8940
-7615
-7504
-8729
-3804
-3110
-6222
-3680
-3250
-7306
-4112
-2202
-4484
-4718
-1408
-2425
-4366
373
-2381
-5185
-1675
-1985
-4762
-6503
-3044
-5682
-6417
-2174
-5833
-7207
-2387
-876
-4493
-1832
-400
-2583
767
2373
2381
3468
8105
5400
1984
5938
5512
2497
4231
6385
5301
3491
4935
6033
4721
7067
6041
3808
6122
7245
4708
7193
9568
7579
8858
12940
12834
8185
9307
9209
8803
9172
8552
8138
7737
10088
9973
9461
9975
9494
6564
4582
8245
7197
4882
9483
7027
7758
7633
9676
8739
8762
9210
8330
7817
10587
9102
8093
9732
9640
6311
7917
10439
5923
5487
8451
6237
6103
10738
5368
1748
4911
5308
2292
1350
4756
3788
609
2780
3084
1997
2976
4732
3422
1403
6027
2302
2315
6633
2445
2032
3642
4342
943
3991
5217
3094
3312
4237
1188
610
3669
939
576
1559
2356
552
1972
4484
2679
2500
4515
4013
392
4396
3967
5331
6524
7126
6284
6086
6819
2971
3710
7349
2685
2548
3369
1757
-471
-982
1825
-1882
-2184
-935
-3555
-6189
-3573
-1700
-4229
-1685
-1528
-4890
-3474
-810
-3690
-5194
257
-118
-3149
-1632
-3060
-3391
-1605
-719
-2648
-4481
-661
-855
-2828
-2267
-2814
-4704
-3007
-2911
-6291
-7775
-6005
-8147
-7137
-3384
-2989
-6458
-4912
-3632
-3646
-1876
-2419
-2871
-2531
150
1317
-4220
-1986
-968
-3647
-1013
-784
-3210
-6581
-1446
-684
-6267
-5536
-5200
-5128
-4896
-2563
-2679
-997
-86
-2928
-5282
-2216
1271
-3344
817
-1191
-851
1076
-391
-211
-2615
2719
1062
-1489
862
-298
-3003
-3787
-336
-3773
-5234
-3662
-5184
-4504
-3017
-4061
-5670
-5215
-2251
-2921
-5316
1723
1819
-363
-1243
-1372
-2758
599
-203
-4527
-5802
-2569
-2327
-3834
-2926
-7368
-6309
-6709
-4961
-7118
-7275
-4165
-6593
-6098
-4094
-3465
-4551
-3989
-2789
-3524
-3474
-544
-4290
-3552
-998
-73
-933
-763
532
907
2891
2418
-2125
2508
3113
-1936
-2088
631
1379
749
2916
2994
-85
656
3682
285
1360
357
1297
-584
1725
3962
636
1129
3393
208
2373
4976
623
376
3274
3325
1080
1985
1079
405
1732
2263
-545
-519
460
1473
-1765
737
1215
-520
2344
1670
-586
-1586
1381
-986
941
2511
2905
2129
45
3173
302
1848
3166
717
2223
3287
1655
-2866
-2509
505
-2226
-1246
-1546
-3372
-2390
-2017
-4629
-4022
-2704
91
-2533
-1628
693
-1301
-1525
1584
1863
2265
2787
237
-1050
1352
3709
2553
1083
1960
488
-2426
-790
-3350
-5488
-2998
-1670
-4787
-6057
-2045
-3028
-2284
-1059
-649
-2535
661
918
-67
3935
4493
3732
3571
4094
781
-1691
3112
3740
1552
4013
6263
3151
1828
1511
660
296
1664
2369
-862
3602
425
-653
3788
2954
1387
-1608
3818
870
-274
2612
2039
2036
981
1998
1465
2141
4448
2292
2042
2881
2028
810
2102
4230
298
1085
3589
2372
58
4299
2682
2003
4105
3795
2042
2634
6166
785
4680
4486
2390
4054
6909
6712
3396
4447
6909
4905
5606
6833
1844
3544
6180
4384
1812
3697
1880
45
4508
4033
-8
1825
3810
2400
647
4128
3476
2095
3382
3804
3373
3071
4963
2674
3398
4982
1826
896
5923
6351
3211
3768
4575
2160
2634
4293
2742
1138
3299
3376
3037
2300
3951
2591
1912
4419
1560
1328
4551
3369
2687
2233
2413
1195
2967
4695
1007
2456
2574
446
-350
798
-1035
-4562
-2338
2573
-100
-4228
-1579
-1652
-3894
-2563
-1234
-1301
143
1523
-2295
1233
3162
-1108
-368
-2
1504
-1042
1930
1734
-2001
-1839
-404
-3467
-6043
-4953
-4401
-5172
-4306
-2966
-4954
-5805
-7213
-6134
-6534
-2986
-2811
-7315
-2954
-4148
-6014
-4717
-3761
-4347
-5307
-3792
-7476
-4999
-189
-2166
-4080
-4317
-5056
-7129
-5870
-5381
-6991
-7719
-4759
-6616
-7623
-2307
-3268
-7049
-5065
-2484
-5738
-4361
-3274
-5522
-1889
1111
-705
-3540
-1513
-906
-5323
-3885
-1498
-5183
-4020
-1497
-4629
-5265
-704
-1466
-6497
-5724
-4775
-4706
-6489
-2476
-6448
-5075
-317
-1979
-2092
-1982
746
-2804
-2683
-66
-1197
-871
-479
-1262
-3745
2420
795
-3839
-283
828
-3101
-2012
-2060
-4013
-4954
-4322
-1819
-5309
-5095
720
-918
-1102
2401
-281
-5794
-1891
-288
-2701
746
2886
-118
3969
5142
-155
-1077
795
-228
-573
3089
1721
-945
445
597
-916
-1590
689
-61
-3556
-2035
-1747
-4023
58
1605
-766
430
2606
255
-407
2577
703
-1204
938
1709
-329
2732
4173
2024
-455
393
316
-1535
-791
-1991
-3392
-3024
-3287
-3342
-2690
-962
-3603
-3889
410
-1273
-3654
-148
-585
-2161
-1161
285
153
46
4439
2579
1690
3716
3628
3774
883
1384
-817
-789
767
-3697
-2043
-259
631
-1355
-2345
-401
-4665
-642
827
-107
573
2877
1279
-1221
3851
5070
1752
3116
2431
1637
4193
4707
5353
2857
4107
4812
1478
3047
3842
728
2062
3176
1966
137
1687
742
163
2383
3795
974
-138
2179
816
3118
1878
3148
4412
4358
6281
1983
5023
5506
1504
1286
4755
2766
1389
4488
3923
86
2673
4066
2738
1542
963
779
510
3159
3354
1009
4477
4148
2368
3182
7715
4412
97
5346
3822
2360
3794
5139
4827
4719
4338
1486
819
6871
677
-1654
2634
1859
-830
2104
1951
115
1004
2585
2114
-695
3364
2180
3347
3199
3166
1190
778
4572
1268
-342
3367
1990
285
-1129
1837
-934
-1569
-199
-3464
773
-1074
-3851
-5190
-2227
-680
-3826
-1640
-1430
-3690
278
862
-811
-863
1710
2226
-916
1187
-280
-2756
166
3656
-433
-1695
2373
1497
-1376
594
-1569
-1558
-2547
-732
-1538
-2662
-1176
-5739
-2280
-463
-245
-3487
-625
520
-3014
-387
138
-1782
-3111
2105
22
-2850
688
945
-2833
-1607
-1082
-4895
-2007
-1426
-4523
-6354
-2619
-4207
-6411
-2512
-774
-5432
-2648
828
65
-2358
1173
-936
-2622
2209
3517
1511
-554
-546
-3046
-652
1615
-1092
-2062
-1427
-216
-2957
-2238
-731
-4661
-3987
-3940
-4849
-4071
-2996
-2514
-1008
-103
167
-738
-153
653
-2212
-1280
196
677
-529
-1915
-1267
-1643
3353
3233
1635
2387
3016
1659
-1437
-253
-915
-2525
-188
80
570
-1577
1593
685
-1967
-435
-2604
-1741
775
2542
-2672
2436
2815
1350
3458
2628
2615
-230
3505
1111
-461
1365
1470
2219
643
80
-362
-1064
-883
-684
-2975
-2961
-4272
-3419
-2515
-1599
-1603
-1728
2068
724
-961
-136
1358
-798
7
2649
748
247
1615
2888
2762
2268
2380
-2862
-1815
280
-561
-1162
32
817
54
-539
452
883
1511
3114
-867
534
4812
2121
2174
6314
3474
2917
4880
6372
4665
3516
5332
2337
2178
5616
2939
3060
4465
2060
1264
2593
3065
-1369
-1920
1070
-1405
-1261
396
-668
-809
4282
2802
380
1024
2945
2106
50
2184
-33
-2870
3188
2878
-520
1477
2953
1295
-2467
-1159
-3029
-1898
-1349
-1936
-4456
-988
213
-4423
-1389
-566
-594
-4719
-1041
-1011
-4660
-1889
-62
-2644
-1217
1344
-473
-1236
81
-594
-31
2434
-789
-4189
-1023
-1166
-6019
-2586
894
-1219
-4290
-3065
-1361
-1575
1063
-1255
-3737
-1441
690
-770
-204
1797
-922
-66
2746
1635
-2511
-14
1791
-1475
654
562
-2230
-2707
-1945
-3145
-4217
-2866
-3922
-4683
-4214
-1898
-4844
-1639
-1909
-1274
-3046
-4566
-3060
-4164
-1846
-1967
-4833
-2487
-387
-4211
-3173
-149
-1162
-3087
-777
-2609
-3676
-3699
512
-91
-2544
-216
-2933
-3582
-476
-3068
-3730
-1396
-698
-519
-1117
2310
-424
-1356
-442
1878
2075
2997
1074
-795
1178
2663
120
-871
1797
1262
-960
-178
1021
-1690
178
-163
-111
-819
2691
4283
1554
4852
5901
4540
3986
5277
4557
2101
5522
6053
4694
7313
7378
2215
2636
5900
4729
5721
2095
65
1046
1837
1534
427
1420
926
-1658
-612
2471
-74
12
1780
5778
2393
3881
4651
1136
5512
4266
3440
5486
5941
3100
3688
4106
3977
1556
3865
3255
-2092
756
1760
636
-514
315
987
-2632
39
2516
-2677
-1872
1458
-1702
-1844
2015
-961
-2001
-1222
1465
-209
-485
997
-2384
-1382
1801
2031
658
4842
919
-2445
828
-481
-3791
-1198
26
-2569
-1767
-204
-1062
-3844
-1914
-2700
-4786
-2918
-2523
-2221
-2388
-230
-1451
-1970
-17
-702
-2977
-2463
-746
-289
1035
-1356
-3884
-2688
-1320
-3031
-3736
-1116
-1192
-4247
-4992
-4965
-6134
-4189
-858
-1485
-4619
-3400
-2321
-3426
-1581
-3649
-4625
-3117
-2351
-3193
-4165
-1231
-2776
-2480
412
-1312
-3546
-4223
-414
-3265
-3051
-470
-2915
-3573
-1183
-1244
-4560
-3887
-356
-4001
-2473
-1114
-2733
-1632
737
2629
-447
42
866
-1320
-421
1208
-438
-688
93
425
-3212
-1080
2772
-442
346
-493
-2877
-1339
1543
189
-3258
998
2970
122
3534
3390
-272
-56
2277
3905
3522
4277
3589
2493
3896
2500
354
1667
3685
2925
133
3041
2590
-2157
1364
685
-665
-433
2355
692
-183
-1405
144
-1244
877
1009
-4311
908
768
-2518
621
5505
1425
-992
2261
2364
-1107
1441
3467
1362
1547
1160
244
161
1347
-1176
-2917
13
1733
-354
-136
1333
-1000
86
3107
2721
2673
2673
4924
3534
1787
2996
1310
2023
2027
447
1209
4047
2825
-1061
442
2801
404
-742
2086
-1015
-776
1685
-713
-345
731
1370
1701
1514
2112
2627
151
676
-454
-483
2785
1496
1832
3442
2699
1519
2391
3667
-370
-2733
2739
-249
-507
1722
136
-845
1667
1426
268
406
271
2538
797
6003
6176
2765
3590
5482
4640
3222
5447
2539
2305
4410
3953
983
2045
4226
1423
2556
1079
1192
-2485
946
781
-1960
2721
672
-809
1847
4264
-102
301
4939
2153
-120
4748
4033
2694
4625
3718
2149
3091
4201
349
511
3426
1443
-1109
687
598
-3131
-1369
3072
887
-1235
2834
632
-1931
3253
2657
-2712
1099
2365
-1173
638
2168
-15
-379
3518
2045
-139
3156
5374
-523
817
3578
1239
-513
2919
551
-3154
159
-878
-6157
-3429
-2799
-1557
-1777
-2934
-41
-2611
337
139
-3351
-1342
-465
-1054
-2197
-1
-2741
-2297
356
-2001
-2285
-2408
-3805
-4773
-6342
-3849
-6602
-7830
-3277
-5354
-6459
-3925
-4801
-6546
-5329
-2951
-4638
-5957
-3688
-3560
-2725
-1643
-606
-1258
334
403
-2969
-315
469
-881
-1868
1473
-1203
-7284
-3483
-2864
-3828
-3244
-2575
-4333
-5224
-1892
-3886
-6325
-2551
-3233
-6463
-4018
-1663
-3443
-4496
-3375
-1736
-4038
-1309
-3175
-6029
-3082
-2139
-3169
-2708
-1722
-5142
-6575
-2088
-2244
-5414
-4296
-781
-4355
-3890
-3601
-4167
-3224
26
-528
-5130
1177
384
-2546
1083
-647
676
1904
3134
989
-2741
478
-338
-1019
-907
-838
-4371
-3514
-144
-1907
-252
-2172
-4147
-5381
-3042
-2472
-6497
-4081
-410
-2727
-4156
-2163
-3499
-3490
-1549
-3352
-1814
294
-124
-2645
-2268
1277
-4
-2080
848
1219
-4051
204
426
-4069
-2642
-1034
-2744
-2336
752
-3199
-3071
-259
1192
-2551
-553
3029
-3120
-931
2128
1095
-1743
67
410
10
3437
1574
-129
2456
3504
-141
2613
2053
-474
849
2080
3315
406
1344
2260
408
1853
3369
3703
2020
6422
6031
4264
7502
5748
3023
4803
6372
4333
1064
4020
5646
6798
5717
4987
2578
1502
4642
1071
2665
4108
3092
737
3227
4732
3169
3736
3913
3502
2645
5314
4640
6915
6000
6544
6420
6443
9127
4654
7921
8525
8352
6758
7097
7933
3359
7830
7142
6241
5322
3695
3613
2342
4900
3100
1577
3994
3566
-269
1832
4656
1889
4131
4451
2757
2477
5660
7515
2460
6353
5737
3030
5573
4174
1791
2313
5696
1846
284
3482
2571
-3574
2156
3725
1207
1652
1395
4322
1018
5858
5753
3074
6071
5702
2778
5226
8919
2420
1589
5088
2631
522
4308
4773
-1719
1296
3542
448
1037
1163
520
-858
2773
736
-1436
-370
711
-2438
-1416
3738
498
1375
-250
582
1066
2013
2547
422
2832
4088
-81
-153
3856
-1029
-3169
-1440
-1965
-3712
-4409
-2656
-3994
-2412
-665
-3321
-3113
-3608
-2585
-4366
-3288
-1097
-3220
376
-20
-2454
-314
1201
-230
-1234
-859
-2069
-2606
116
-110
-2919
-4882
-698
-4078
-5125
-3837
-5776
-9093
-5892
-3348
-7176
-5620
-4538
-3276
-2944
450
-1711
-1488
-1107
-2626
-808
-2892
-3518
-4179
-4792
-653
-2386
-4411
-2066
-2269
-5540
-7838
-5475
-5956
-7094
-2953
-3423
-5925
-5619
-4221
-4842
-4579
-2950
-4203
-4019
534
-1264
-3798
-2400
-2874
-2891
-1324
-848
-4260
-4000
-1178
-3559
-2977
-2956
-6511
-7209
-7070
-5530
-8398
-6870
-5402
-6014
-5293
-5166
-7972
-7645
-3897
-3350
-5423
-286
858
-3080
402
-343
-346
-3064
854
-2578
-2683
1460
-1163
-1938
732
993
-4018
-3806
-2236
-5933
-5218
-3483
-2643
-6213
-676
-1474
-4721
-23
768
-766
-2730
466
-294
-3603
-558
876
-666
-359
1154
-3234
-3685
-1452
-1952
-3399
-2722
-1872
-4783
-1775
-3114
-6079
-3363
-1459
-2424
-3527
-1202
-2531
-3161
-2991
-1277
-4136
-2144
-264
-3544
590
3147
1841
2306
4208
3666
52
757
450
-733
2019
26
-1271
-4807
-2513
-3379
-4988
-1294
-4152
-3823
-2972
-1832
-1537
-2295
-220
538
-181
2233
1444
729
4861
2939
1642
778
1244
-270
-1888
2833
2606
58
1950
3145
139
-766
-1362
-2644
-1763
308
-392
-1536
-1973
-1531
-2092
-1697
-536
-3482
-3924
-2071
-2220
-1220
1177
2070
-2011
-1612
2826
-765
-214
1558
1371
1118
1721
4099
-298
246
2399
-2
283
596
-1128
-1928
-1646
1930
-1452
1115
2471
1891
1849
3799
2732
506
5256
4005
1030
1883
2539
1635
4748
7064
3097
1796
5104
2754
506
3119
1033
1676
363
2202
-349
-1279
5617
2410
2987
5564
5772
1174
2189
4766
3922
5923
6652
3582
5662
7487
3867
2320
2579
5211
4069
3265
3154
-2862
-2236
1699
2429
22
2726
1384
-1517
1386
2241
-1502
890
4731
2330
973
5288
3012
1767
4822
3695
-699
1167
2047
1267
3161
4620
798
1248
5287
3874
1050
740
3084
-1732
537
-2457
-937
-2496
-787
1839
-380
1459
2109
-677
775
5888
738
1978
5520
3218
2806
4516
4289
3375
4027
5172
3577
3133
3495
552
2962
4545
937
2678
3825
3658
974
1276
4138
397
3043
2220
2842
2568
4696
4575
1507
3042
2799
2333
3042
2404
5050
3430
3755
5221
1802
1048
3848
449
-1553
3187
2611
-960
-932
101
-997
1247
1590
-139
328
1928
1838
-269
1926
2406
1674
3575
4153
187
656
4345
900
2372
3897
4814
838
1147
-740
-3413
-123
2172
-1986
-2348
1472
-1445
-2199
-1166
2227
-2504
-2591
1092
-2927
1442
1590
2105
4255
3999
3701
694
3831
3775
-58
3262
3494
1876
1192
1535
-2933
-956
2983
-1823
-3204
346
-814
-2186
-3448
-2690
-1554
-886
90
335
-2430
-52
3200
1278
146
-414
638
-1
1644
-2336
-2665
71
-1082
-2059
-2277
1018
-2859
-3647
-1898
-6655
-6085
-3555
-4621
-5903
-3844
-1977
-4927
-4395
-4753
-4825
-4641
-2660
-4860
-5747
541
-1617
-3092
-1285
-656
-569
-1596
664
-752
-1538
1263
1011
-1455
558
581
-3053
-4167
-1784
-1812
-3293
-2398
-1243
-889
-2172
1339
-1469
-827
3875
177
193
1984
1426
-501
288
1420
-1267
2336
1858
1917
3334
3406
1899
1555
2830
-939
-959
1219
1625
117
-486
1534
-792
-1471
-1739
-1887
-1929
-793
-352
-1611
434
2038
-356
1920
2035
2105
962
2814
3425
630
479
1643
472
-1445
1817
-934
-1147
681
361
-459
-1267
1658
-2676
-2739
1725
370
1527
2051
1390
-1029
502
1653
-2358
296
1205
-2477
-815
2475
753
-2113
786
875
-3197
-272
182
-4755
-457
-1045
-4094
-3086
-1359
-3619
-4233
-2319
695
-723
-1415
-328
-4614
-2022
-161
-1456
683
3070
1276
137
4255
1780
-951
-140
712
-2226
-4029
-2744
-4622
-3008
-1324
-4387
-4111
-1907
-896
-2283
-1299
69
-620
-2840
786
140
-897
985
1476
614
-778
4214
-455
-1859
744
-725
387
297
2059
-3199
-3682
327
-4359
-1594
-963
-1776
-3595
-3895
-3253
-4688
-1603
-275
-2986
-4289
723
-1770
-171
1821
-1213
-400
2004
3350
-1343
-1274
1142
-2067
-2272
30
-1405
-4229
-2848
-1040
-3268
-1462
1493
-177
-1234
748
-213
-2601
927
499
-2638
-600
293
-772
-497
1871
1395
17
1659
708
-721
1127
302
-1372
827
1841
-2160
-3398
-1289
-2458
-3380
-1367
-3107
-5771
-3829
-3674
-5188
-2541
-807
-1872
-814
1576
2272
-1107
2581
3314
570
653
1659
802
-2166
-348
-1176
-2084
473
-1243
-5204
-4865
-2473
-3404
-2978
-416
-3641
-5195
-21
-349
-737
2555
670
-884
-3214
-914
98
-2072
3009
1702
-514
3556
2637
-931
2092
4224
1772
1092
2942
1715
-289
1125
-352
-1490
-580
-772
-1860
-5304
-2697
-3609
-4853
-1306
-1665
-4346
-362
2585
-615
772
2310
1005
1439
3417
-536
-2361
3331
2508
-134
1922
1739
-1974
-2064
-1664
-2586
-2827
-2736
-815
-1417
-1257
-1248
-2393
223
226
-37
-966
1884
1395
-890
1395
1841
1972
2161
2894
3160
-134
2096
804
1919
1641
77
-1420
-982
2655
1360
776
-54
405
-190
34
174
-906
-915
209
-2439
-2211
1775
-490
-1324
1659
3118
-351
3782
4727
-140
1190
3977
1684
1157
1693
179
-1010
-377
-1353
-4601
-1990
-1783
-3799
-5210
-3009
-1542
-2115
395
1826
1118
3703
5300
3879
2513
1440
1302
-260
1617
780
-2844
240
865
-1696
206
690
-1358
-3747
112
-1606
-2805
54
385
714
41
1400
-1475
-520
2018
654
-3094
242
322
-1741
2927
1082
-828
1450
3486
646
-449
2881
395
930
2117
1605
2
-473
344
-2076
137
373
1321
1971
1448
1802
-1829
-1173
2103
633
907
1631
1414
-127
886
1298
-1322
2448
2054
-304
1456
683
1737
1056
1513
770
-2810
2441
-680
-2635
157
1117
-443
-1218
2021
745
-768
1290
422
-801
2629
4063
780
2410
3930
3896
5398
3550
631
-424
4359
6372
1446
3173
3123
-732
116
3380
558
-2328
840
2221
-2981
2365
2718
354
800
1974
2582
976
4316
1434
-710
3654
4886
1132
2590
2969
-488
864
2226
566
3462
3035
4545
619
2272
3461
-888
93
1264
2863
-1761
854
-308
-3320
-2362
1707
2170
193
3720
14
1769
4845
3029
689
3890
4735
617
4317
5296
2092
277
318
1258
-561
2386
-1939
-3623
-2434
-2378
-2449
-1701
674
-2959
-3956
1318
1958
-1046
938
-188
1080
2108
2856
2517
101
622
-147
-530
2376
4331
-463
1938
1181
1907
-1472
2267
2984
-627
2774
0
-2284
-2626
-123
-1775
-2295
864
-1940
-2865
1942
889
-936
484
-577
-2334
-1039
561
-1681
572
2574
-938
-2850
-1000
-452
-3443
-1952
-131
-4173
-263
227
-1536
-2931
1756
903
-2060
2357
-393
-2532
-3718
221
-2012
-2362
1070
2071
537
1245
1551
-2484
564
-1959
-1535
987
-27
-2091
-5462
-3320
-2934
-7087
-3907
-3151
-4613
-4242
-2990
-3006
-2929
-756
853
-431
1959
3450
470
4588
5158
46
-1418
-30
-3139
-4266
-2724
-283
-600
-63
-271
-3046
-1150
-2208
-6670
-5369
-865
-2353
-3650
-105
-688
-2955
-802
541
-334
-552
2112
-265
-1368
276
3368
2488
1787
4358
-338
1685
2967
462
159
-1078
28
-3421
-5076
-2291
-5090
-3205
-3295
-3011
-3905
-1013
-2163
-3244
-185
238
-232
-1766
2637
2061
1286
1040
475
-1737
1078
1480
-2854
1604
1330
-1067
-277
657
-24
-1463
1891
-428
-4862
-1159
-1802
-4074
-4505
-1035
-187
-776
1951
1670
-835
103
44
-1958
348
2300
1805
2514
519
-1457
-1980
1805
2746
-1152
223
525
-2813
-3251
377
-1678
-2672
1852
-671
-1626
301
445
-2819
-2940
-649
-1627
-3429
-69
593
-49
1607
2732
1009
3156
4750
-202
1163
5314
4225
2480
1273
37
-1088
1169
632
-2511
-1952
428
-654
-4742
-2327
-4990
-4452
-3743
-787
-3
-1597
1350
-3410
-1050
2182
1192
-143
831
1089
-3014
1768
3319
1189
3509
2043
-1935
-5118
-902
-1716
-3080
1693
219
-1687
-2255
1308
-2335
-1940
355
233
-3098
-926
2372
654
1871
3830
2210
3474
5012
2356
-841
1377
1650
-1422
-1108
-269
-1649
-2044
1235
1786
672
2695
-1234
-5113
-2989
-410
48
-616
2681
-896
-3340
-2380
-659
-34
3485
4044
76
655
-574
525
860
2893
3374
3648
5138
3231
-153
-416
-342
-4363
-2556
-2823
-4230
-4448
-4683
-3091
-2199
833
354
-5082
-3569
996
1682
1519
4257
2581
1112
3941
3212
2162
1356
3224
-282
-1992
1004
-1409
-2683
-3344
-313
-2601
274
2169
-4121
-3083
-1461
-2253
-434
1079
54
-2685
2934
2427
438
570
1991
-1433
-2542
1358
-418
-532
508
1601
-173
1716
1213
-3621
-2404
704
-1842
-1595
-2284
-4152
-3763
-1663
-524
-4168
-119
1937
-333
1054
3958
337
-2061
2525
1844
496
5331
6151
1538
4116
4935
517
-374
-1051
845
-1694
-1731
1136
-3174
-650
-907
-2240
-2146
-2619
-3152
-3582
-2762
-927
-1123
476
779
861
4269
4046
2817
1010
1924
980
-1300
108
2532
1615
3744
3965
497
-70
272
-1042
-4316
-4792
-1652
-2631
-3755
-3492
-2298
160
788
1375
-1051
1032
2258
-62
-140
1934
671
1490
2318
2290
2547
5968
4925
1254
2579
2696
346
852
270
-799
1940
3965
2191
621
1525
1387
-1012
-456
1303
1876
1185
4291
2999
4647
6357
4181
1597
3848
3814
2532
2629
3467
1538
1556
3465
1354
-1823
395
-100
-1082
-1607
1275
-201
-3684
2928
-1502
-302
3618
2077
2713
3517
4334
-1064
-214
4061
2429
2989
3266
1301
586
2031
238
960
229
3376
971
-1498
-1378
-4279
-5310
-1645
31
-2052
-2119
-315
-4414
-2726
2303
308
-4161
-61
1043
-3497
912
2097
142
2949
1635
-253
-586
652
-1000
-1818
1137
542
-3282
-1678
-20
-4004
-3127
1637
-893
-3112
-3449
-2450
-1450
-1128
1142
-769
-1488
165
-115
-1338
2196
320
-885
640
1206
-295
1189
5421
219
-270
3201
512
-1939
-1857
-1358
-1039
-397
348
-1267
-3244
-373
-878
110
1056
-1872
-1329
1754
2772
-948
-987
1426
2702
298
4319
1544
-1116
1264
1618
524
-327
2677
-1672
-1729
-71
-273
-2163
-3335
-3377
-4550
-3353
-3613
-5690
-3837
-1512
-1935
-3152
775
471
-2147
1042
1476
653
3084
4527
504
-2254
761
2123
210
184
970
-323
-1802
-2267
-2442
-5115
-3792
-2720
-4522
-2690
-376
-3803
-4388
-2833
-2082
-4537
-3431
-2441
-2663
880
564
39
-340
714
-1548
1444
2739
1307
-103
995
958
-2557
-125
-555
-2640
-1999
-485
-2574
-4161
-663
-3736
-5246
675
1186
-1614
674
4804
948
-1311
3035
2732
1231
3362
674
664
5251
2400
820
65
2126
-1017
-2579
-878
-393
-807
-125
-3200
-5788
-723
1601
-1629
-755
-261
-1360
-1458
1973
1385
-559
995
2161
501
2119
4488
2820
1307
2615
4275
1668
4431
2626
-1876
-443
1769
630
-1449
-1473
901
-1509
15
100
-3601
742
1468
-2449
-1853
1783
1482
620
3468
1312
-1543
-130
-21
-2555
-88
2922
-806
710
1876
-51
-2383
2115
2345
-1109
450
1354
-1388
-2074
-2041
-1060
191
-362
1805
-603
205
1175
257
1456
1775
1233
-805
1181
278
-1330
1704
-801
-2786
-2524
-1508
-1223
-3222
-1033
-5438
-4754
-772
-1889
-1197
-2511
-1282
-2638
-1476
1132
431
-2548
-744
2380
466
949
2680
-2704
-488
869
-2154
-1427
2431
138
-511
-79
-574
-1977
-1375
-2182
-3612
-2504
-1388
-1714
-2295
-881
-686
-199
595
3908
509
25
2526
1601
1678
299
2025
-1511
-410
3317
710
1376
2516
1060
-2049
1842
-209
-2351
2668
-962
-2703
-2105
-1586
-1561
-4500
-708
-3714
-4384
-2431
-2781
-3172
-556
2146
-2764
-1868
-197
-1231
-1791
1059
-1399
-2055
1886
-246
-1909
1027
-96
-2630
-1623
1052
-458
-2560
-590
-727
-430
2320
3458
249
1791
1266
2926
934
3143
5191
1673
4664
4745
3302
4905
4456
2727
2202
6652
4381
2376
5225
6016
2845
1156
2483
-818
1755
3399
-97
149
3329
2137
-576
3137
5269
4301
4636
5141
2451
3766
6038
6037
2999
7219
8912
3838
6130
8145
3895
3592
3519
3223
2132
4165
4325
1334
3072
4087
1776
312
2918
861
-480
2791
4747
1449
595
2973
2356
4495
7382
4770
8436
9691
8202
7237
6766
7537
4812
6972
6537
4838
2290
5079
2901
158
1449
-131
-2032
344
2515
-594
1716
3879
-360
-531
1540
3184
2794
4319
6042
1261
2215
6000
2748
2691
3225
2371
1082
3560
2755
-766
466
2680
1484
978
1290
1193
-417
-2943
-2012
-1273
-562
537
-2150
-1468
545
-2023
-682
1728
1295
-620
2729
2118
-1926
991
190
199
-742
-59
-75
-6173
-3500
-2752
-5592
-5000
-3264
-3348
-7255
-4962
-5526
-5423
-2594
-4111
-5532
-3705
-3483
-5183
-5296
-3997
-4279
-1508
952
-3691
-4853
-2266
-2123
-4028
-3710
-2234
-5737
-4964
-2788
-4103
-4234
-4396
-3274
-6121
-4716
-3815
-3281
-3052
-2703
-3390
-4467
-3686
-4401
-4449
-2835
-4719
-6233
-5821
-3253
-6428
-4774
-3588
-5915
-6089
-3921
-4319
-6220
-4812
-2591
-2588
-3761
-2355
-6225
-7973
-6880
-5882
-7669
-6797
-2257
-3371
-6262
-4664
-5593
-5453
-4300
-3131
-4721
-4219
-3308
-6508
-6683
-2312
-5046
-5974
-1313
-4097
-6100
-3470
-6862
-7665
-5908
-5177
-4186
-7285
-3879
-6832
-5581
-1946
-2388
-2877
-582
616
-6240
-4851
-340
-994
-160
-248
-3092
-4506
-1887
1344
1118
2047
-971
-4135
-2780
1154
-201
-3535
-1435
-1201
-4128
-2646
-2066
-2816
-2631
793
-2363
-4484
2176
10
-148
1211
2193
344
-418
815
-3496
-424
2853
1973
-1878
-531
-2670
-7140
-1790
-402
-3648
-3689
-1733
-4137
-2015
2084
-1206
-1130
1374
1837
-1974
-1364
1275
-1967
-2681
199
-478
-1671
2075
876
-888
-298
528
-2485
-3095
-2309
-3203
-2897
-87
-2821
-4300
-2205
-1302
-1417
-1269
-1096
-2272
-3399
-1823
890
2169
2551
1832
-439
1142
5465
1445
1612
4076
1558
611
1869
732
1916
3874
2886
2711
2493
2124
-1260
1207
2069
405
673
1113
774
-288
1071
4333
2855
2312
3695
771
2502
4569
4707
3929
4032
3526
1701
1902
5657
1151
2673
5080
3040
415
-1247
2398
1391
951
2444
1061
-2966
-1368
1747
849
1745
4636
-122
761
4716
2211
3107
3925
5543
4656
3078
3472
2400
5188
3987
3257
3606
5582
-256
-1288
1308
169
-897
994
4421
-2220
1064
3684
-1458
141
3617
2524
-2443
2429
5395
987
3096
3634
2806
3540
5904
2366
-1127
4372
2457
-1716
-298
4434
816
-13
3954
-1663
640
1065
-1766
-1415
1710
2972
946
2029
4849
2083
985
4881
4222
1898
4177
4451
4469
6342
5336
3672
4512
6802
3781
3790
4538
932
-2271
-41
2735
-2121
1050
818
-3497
-1167
561
62
-1140
1309
3126
1074
2646
5163
2985
3719
8221
8019
3164
5875
6172
3997
7159
2956
6326
6411
4288
3046
1601
3850
1733
-838
1909
1012
-1565
779
-20
-1826
-286
1666
1045
-1252
1509
1994
-755
2002
2666
3532
2241
2473
4059
2575
3866
721
150
227
3146
1841
-395
2469
1835
1544
2916
2089
1544
4472
3257
749
1242
1582
1960
108
2786
1362
1673
3084
2505
2889
430
869
-2954
354
2939
88
326
1634
2886
978
851
652
-2614
-2192
-120
-2033
-2195
-362
1804
-35
1424
2473
-1374
-295
2705
275
1190
4648
4598
1695
2594
1988
-1435
2711
4059
-1432
1703
586
-2488
-2664
394
-1388
-5538
-1028
929
-2799
-3864
-1779
-3261
-1218
2287
-716
-1810
2037
-149
-2629
687
3266
-1735
-431
2473
2667
-915
1891
2479
-1468
3153
-520
-1693
-1830
-951
-2916
-3424
1107
-2141
-3207
182
-2099
-3488
-3557
-339
-3418
-3053
3159
-2833
836
743
109
-279
-39
4221
86
998
2306
-2734
-2372
-4
-1674
-3717
-1896
-3952
-5377
-2927
-192
-1584
-4600
-676
-2146
-3456
-1703
2488
1087
-2348
2563
-1620
-2391
71
-1339
-779
400
592
-3990
1028
1396
-1083
683
-1455
-4387
-5523
-712
-2385
-2905
-2118
-4085
-3615
-5168
-4510
-6465
-7763
-3657
-4626
-5493
1310
628
-1631
937
1396
-242
405
1403
28
-1477
2218
1253
-723
1693
203
-1173
-1624
-2664
-5586
-4228
-527
-4416
-6762
-4768
-2515
-3406
-2069
-1085
-5406
-5439
-74
-3763
-4220
-2393
-432
6
-76
356
1365
641
2978
2416
-1885
553
-1958
-2067
-4242
-3913
-5050
-5440
-2579
-4525
-5279
-3204
-3340
-3705
-2063
-1836
-4608
-1583
287
-3708
-2100
1434
1393
-898
-517
-805
-4246
-733
206
-4247
-3804
-403
-1841
-2967
885
-884
-2718
100
-2217
-3964
-971
778
417
-1357
-1072
-1674
-4052
1882
-761
-591
1276
954
103
-873
1961
-202
-1203
3461
875
-2728
-155
418
-3187
-2133
-311
-4176
-3499
-710
-756
-5167
-1275
-781
-35
546
1443
197
-1733
2783
-976
-139
4768
2608
3626
5286
5229
3089
690
3374
3908
5238
5800
2480
-1029
1438
2538
637
1706
-787
-3922
-1452
1968
-2762
-1774
2073
3084
265
-870
4002
1950
623
1341
1306
752
3892
2890
-1263
2002
1934
1081
1269
3562
659
-1151
713
1404
479
-793
1167
-1745
942
2885
1019
3453
3800
4472
2469
6094
3264
2123
3666
1149
700
1780
2567
1117
-777
3808
1502
-2356
2827
-735
-2275
798
468
-2534
-799
1236
-2492
-7425
1344
236
-2949
-458
-317
-2054
-4585
1860
-670
-2317
1522
-475
-2285
129
3588
639
1330
2540
435
172
1775
1252
-2303
2336
304
-2573
4455
1873
-1167
760
2516
156
336
1365
378
-1664
-136
-911
-4595
-1655
2045
680
246
2755
127
-947
2482
1195
-2123
1808
2966
-1174
-1880
-603
-2592
-2763
1016
-2481
-4307
-897
-1234
-4087
-4450
303
-3020
-3611
1082
-557
-3391
-174
578
396
871
-508
-4031
-4517
251
1279
-1093
480
680
-2326
-1433
-1425
-2962
-1208
-355
-1521
-4423
-1936
-2591
-2676
-849
-1306
-897
-764
2189
-849
-513
2165
1420
3241
2590
2574
-256
516
4530
937
1016
1017
-411
-3309
1672
-1699
-4988
-3111
-1751
-4173
-4501
-997
-3718
-2189
-1125
-77
-1214
-444
2048
-1986
1391
2667
3251
2178
2036
2636
1123
3675
3463
1771
2363
1811
141
799
2833
-335
-1534
-870
-1925
-4008
-4388
-407
-965
283
1205
590
-2504
2684
2360
-795
2262
3138
833
-304
3451
-480
-2202
3141
1033
-1484
619
-169
-1139
-1393
-2012
-614
-1841
1763
631
-925
3709
1805
1986
2376
1111
-409
1026
5593
832
-901
2156
300
1803
4122
4161
222
2577
7498
4285
2736
4946
1384
-2709
-1595
-3656
-5271
-1747
337
-2698
-2204
620
-4642
-561
2108
1197
-2585
853
2489
-1241
193
667
1309
423
3518
1928
-47
3331
4312
1677
2953
3308
1118
-196
1923
-1230
25
2033
-2557
-2756
-1537
-1928
-3837
-1248
-639
-1275
-1629
994
113
-2049
2161
3327
-80
2698
4575
3446
646
2851
645
143
1691
2222
515
-3272
-1442
-1267
-1147
398
946
-955
198
-952
-3485
-316
-416
-2348
-2504
-578
563
377
3443
185
-111
523
-1392
1041
-1231
1674
-857
-429
1834
1887
-3678
-2715
-719
-2397
-458
-1468
-4527
-5858
-3140
-2337
-177
-836
1699
-1685
-2486
409
-37
1003
2277
2151
-985
2871
-46
-1035
1310
235
540
-2289
910
-833
-1185
764
-3772
-3656
-482
-1786
-6120
-2539
-979
-3815
-3878
-1219
-3018
-3023
908
-1704
-4210
-2358
-1675
-55
-145
3752
-482
-1092
3368
-396
43
206
416
-2460
-2087
1147
-2679
-2204
1184
353
-3081
623
-264
-1408
310
-1392
-2273
338
3252
-64
-771
2125
-1308
-2085
1503
2360
293
-1090
2191
2746
1034
1856
-1231
-2801
1377
3138
972
-236
-1226
-2510
-1109
186
-4143
-4274
-510
-2664
-3813
1408
-127
-2006
182
1811
1930
2167
5560
2543
1761
3970
3238
1659
2473
3291
-1388
-1689
1167
627
-2114
-1958
-935
-1564
1199
3125
-1035
-1011
-599
185
1946
4791
4167
2531
4882
4654
1621
2229
3163
1461
2003
5070
4925
1334
4176
2684
1458
2616
-657
105
168
1879
-482
-1378
1713
2644
632
3472
2803
-2300
-435
4326
2435
3304
7019
3464
2341
5132
4925
2408
4009
3558
1318
2761
4133
1513
-1648
520
132
1776
356
187
-1909
1636
1355
-3678
-1325
-902
-25
-2856
-105
365
-288
3007
1510
-1367
1640
3990
-116
-1327
1196
-673
-208
1979
-766
-2235
-2054
-1945
-3808
-5132
-2000
-3438
-7340
-2771
637
-1915
-2771
1581
1014
87
3722
-270
822
2561
2155
4056
3865
4149
-690
-228
2878
993
-218
2063
2331
-562
1229
60
-303
-679
1735
-544
-3599
-359
-1579
-2555
-1366
-102
-1382
-1369
488
-1208
-2117
1207
295
776
2636
512
-1925
701
1215
-138
-143
-2109
-4026
-3817
-756
-4242
-7456
-3576
-3742
-3548
-3962
-2347
-4832
-4229
-325
-1108
-3372
-1319
482
-1053
967
-737
-1368
-230
-733
-747
-3251
2891
451
-1301
1517
-1548
-4163
-5452
-1506
-2308
-4405
-3839
-3989
-3371
-3993
-4837
-2784
-3037
-3533
-3066
-2974
-823
-1829
-832
2141
3308
455
1605
3005
-1717
713
3126
934
-894
18
-1120
-2418
-344
144
-3716
-3420
-2224
-2181
-4455
-667
-136
-3417
-437
1149
-2849
898
2395
836
3462
4385
3537
2165
1948
2237
820
4090
4134
180
2407
3808
2651
-384
1006
-208
-1761
2414
1974
-660
-64
2701
862
319
710
467
-1246
1590
2595
83
2422
3183
-105
1280
2879
-744
-1939
2609
2435
165
1889
2636
884
-1887
-1057
-2540
-2530
-1697
720
-734
-991
-1265
-2459
-1129
576
-144
-1985
2477
-699
-1126
1168
-1533
-3035
1404
2711
-1496
-3029
899
-3147
-2299
2053
-1945
-2866
-3333
-3011
-6715
-3940
-1175
-3126
-3748
-1058
-753
-3134
-1210
-2646
-1789
-170
-166
-1390
-1810
1407
-1730
-1356
2621
-1765
-4655
-1968
181
608
432
-1779
-2156
-2475
-808
-967
-4037
140
-2103
-4017
-2597
-1194
-3369
-2281
2726
231
-2374
514
-674
-2349
182
516
26
1679
1047
1155
913
3476
1612
867
1855
-316
-1701
-2815
1337
1493
1019
1320
-136
-346
-921
-121
-821
572
439
-3055
-911
2318
1981
1341
2316
3002
-154
3257
3774
-868
-1897
3071
467
1806
4359
415
-1587
532
3366
-1034
1467
1111
-719
-816
2687
493
-135
2638
2170
2522
2447
1182
-513
2143
1923
2188
623
3434
2671
1792
4471
4920
2121
5005
6660
1703
-432
1358
-1338
-2354
1382
-155
-987
-858
237
-1662
-1483
-496
-377
-1649
1697
2141
-41
2153
1850
157
-1067
1978
-711
-1687
4480
1442
-316
2943
2732
-1389
-1424
675
-1576
-2373
-1570
-823
-4743
-2862
-3846
-3214
-827
-688
-2154
-1147
3396
476
680
2743
4468
872
3344
2365
-865
2842
3786
493
401
2081
2412
-1065
-1683
-1794
-4232
797
-2040
-3414
-666
-457
424
-2182
194
-1087
-3513
1596
639
-446
-227
267
1794
450
1263
552
-772
795
1402
1148
1191
1394
374
-1143
194
-683
-2647
-790
-638
-3324
-357
3021
530
-1070
-1231
1218
-1090
2292
3206
2878
5384
4470
3122
1867
3720
504
-841
2273
3336
789
1085
1683
-2637
618
455
-2449
-2773
-105
-2056
-2662
649
1463
432
1260
3210
640
174
4120
1152
-1581
1447
4571
1487
2970
3551
-33
3125
3681
2126
1040
1544
772
-1595
443
2681
-1945
22
-523
-718
-107
2501
362
-1884
2151
1120
-2969
742
4112
-918
-42
2282
695
1350
1378
-361
-2459
1391
2722
-1557
1093
3143
-4
-2154
1920
1282
-2794
-2680
-2536
-4452
-2922
-1442
-1857
-907
-537
-176
-4621
1206
-1532
-4243
1124
2765
137
-894
1828
-167
-699
1986
308
-1116
55
230
-4058
-2104
830
-4752
-4118
433
-3332
-5918
377
-1758
-4345
-2338
-814
-2899
-2124
-725
-365
-2482
-993
741
-207
1456
1908
1076
2367
2880
362
879
-337
-702
-2479
-1075
-2846
-3696
-2803
-5237
-3496
-4624
-3917
-2254
-3407
-3478
-1812
-4501
-2038
337
-719
-241
-1766
-305
405
-1300
-643
-3592
-41
1412
-2065
-1923
1889
-421
-4274
-1889
-1517
-4275
-2869
-1143
-3228
-2208
-2503
-2737
-881
-996
-617
-2655
-1322
347
-1038
2252
2472
960
4805
4588
1233
1818
3381
2949
1123
4054
3005
-1990
-528
483
-3088
-1528
1428
-320
-1937
-405
-482
-2627
-341
2851
279
994
2232
1153
3468
3893
3961
1306
3651
319
-1389
-944
1663
-816
-145
3593
1127
-339
1220
816
-1761
682
623
-639
695
3190
293
249
2079
140
-707
1484
2200
231
2294
4463
3390
3935
3115
2291
2854
681
3288
3046
4549
6572
958
-664
1361
1886
-647
1684
298
-2205
1894
862
-331
1124
2108
1129
-2765
1537
619
-128
2572
3194
1512
612
4281
540
385
3725
333
1303
2911
2017
-2399
2355
1827
-4121
-1521
481
-2533
-6280
-2681
-1640
-2064
-1385
-490
-2163
-895
3924
1413
-342
779
3453
564
1984
1386
61
5049
5231
1019
-98
1470
-424
-2726
-3820
-5343
-5564
-2435
-1991
-5031
-4670
-1199
-1962
-1648
-1308
-366
842
1856
1822
-100
2253
4716
1137
-848
2640
1068
-2717
-224
1029
-288
206
101
-3139
-3088
-140
-3361
-2904
-424
66
-1602
-849
655
-2930
-2599
1067
-205
-2346
2419
1038
-225
1581
-208
1466
140
3736
-1335
-31
2984
1339
411
-5
314
-2847
-2989
1525
-900
-2431
-1183
-500
-2242
-2280
-3035
-2435
-353
-86
-1913
-801
1227
-2515
985
3199
632
-1289
1714
1973
-1762
-963
-636
-1903
-229
2282
-353
-4544
-2647
-3244
-2799
-227
-1351
-3122
-2410
-565
-1236
-1297
-306
41
-336
938
-1238
-3832
-1346
-780
-939
-1615
-321
-2280
-1163
849
123
-2422
-2385
-575
-2929
-1798
-241
-105
-2028
-1097
-3418
-4560
-1787
-2935
-2636
-1909
-1695
350
-1709
1417
-171
721
3575
2738
696
2670
5791
1698
245
1693
-2422
-1524
940
-422
-357
-1517
-69
-2258
-2528
-591
260
-2657
-1821
-1771
-3251
1095
-935
-2050
1027
2507
504
-663
2065
-368
-2253
-1112
691
-952
1881
3789
2997
152
-351
1424
-2534
-165
-318
-4548
-5135
-1288
-498
-168
1153
-2500
333
2739
1003
1408
3497
4412
142
978
4537
1521
4087
5686
1865
700
3157
3918
-424
200
2284
-397
1109
3676
824
-791
917
126
-1464
522
2902
1110
960
38
-110
323
4007
3955
2108
2505
5462
3290
2903
7285
2142
340
5524
3406
1477
4100
2644
-3014
-1752
735
194
-228
493
-1589
-2486
4199
420
-3227
1273
1876
-1241
572
4653
-380
-312
4964
2584
149
1198
3257
1386
1198
3330
604
261
1144
-2349
-2485
2295
-354
-1782
1190
-752
-3832
-2292
-2135
-2805
-559
-1296
-3731
-2819
2804
2060
852
2467
3355
1862
1611
4584
832
-174
2993
-203
-749
1489
1030
-1530
-1355
584
-903
-1333
-1760
-2632
-4450
-2634
-1700
-3585
-1600
1418
-58
-3781
821
-879
-566
1585
1796
-1732
-305
2355
-1798
148
2358
1073
1114
781
1302
-3512
-1832
-903
-5071
-4197
-2847
-2614
-3625
-3762
-3257
-5886
-1970
845
-1697
-77
2350
-1648
-1869
-896
-317
1147
491
221
-4496
-2676
-1597
-4058
-4331
-2069
-3709
-4363
-2916
-3512
-4133
-1863
-2222
-5484
-5792
-3451
-4392
-3933
-2931
-2941
-3449
-2265
-1122
-2710
-2035
-1483
-2909
-1955
2687
-1932
-1164
4003
2734
625
583
3839
-607
-1868
820
-3102
-3231
738
-1137
-4364
-981
211
-1449
177
1359
-2026
-3090
407
-655
-177
1835
1944
716
2946
4178
-1029
2349
3187
664
1176
3013
2947
-573
-141
-529
-1193
-258
-6
308
-1032
-437
-2066
-833
-242
-1403
-1447
1360
3602
-51
3307
2983
3678
1076
2568
3964
1998
5755
1750
1753
977
1082
2297
80
4495
634
-1665
1427
-1021
-1762
-1424
-1435
-2344
-3764
-260
-565
-2742
1183
-384
-743
1998
3270
507
336
3478
1585
412
2189
4092
3153
3313
356
-2620
-1437
1694
-389
-1463
1126
-262
-2972
521
1370
-1577
-29
294
2420
2624
2345
588
2535
5882
4928
1711
2966
4714
1608
1080
2265
2284
1838
951
459
-1676
-492
1575
-814
90
-371
-3202
-1408
1995
-1687
-3345
-1226
756
-3247
-975
4262
-325
964
3812
3054
2740
5885
4793
1752
3691
3715
1023
2423
4352
1736
542
2766
2135
174
1750
-224
-4580
-2393
1537
-73
2386
3713
905
1361
3311
3539
389
3030
4682
2428
3753
4469
1650
2328
4074
1540
854
2957
3965
246
680
2365
-2552
-1303
1616
335
-1044
-1862
10
-1874
-418
2439
-874
1860
3610
1073
631
1492
912
-1010
2234
2655
-766
34
788
-2242
-342
3647
-454
-4217
-3252
337
-1376
-1806
-1986
-5423
-4054
-2050
-2691
-2514
-599
2806
-604
163
3382
-237
2918
2791
2578
2071
4939
4211
-143
4500
4414
1643
2441
2961
-1673
-625
692
-1256
-1772
-23
-514
-3224
-1761
-981
-2253
-1904
647
2015
-513
2509
1150
331
-597
856
2284
1299
1008
244
-1475
475
1259
94
2457
1233
1092
-230
-612
367
-2211
1910
1043
-623
1023
1534
-827
-1582
1389
-2967
845
4725
2023
-117
910
4382
760
2662
1718
-2753
-92
2230
850
878
1253
-157
-3440
-1400
-1959
-1844
-421
-1996
-5366
-4937
239
-1618
-1362
-129
642
-775
790
1049
-1823
23
922
3077
3949
2542
289
-3174
-60
-913
-654
186
935
-5055
-5115
-1257
-2573
-3005
-3582
-1482
-3064
-2179
-1431
-3928
-649
-373
-652
-3288
758
-677
-2736
250
-82
-2653
-278
-826
-2269
-1659
-1324
495
-1725
1353
930
-2765
-1973
-1119
-880
-3096
-3857
-3250
-3562
-3615
-4590
-6628
-2415
-1539
-5126
-3040
1289
-1416
-4048
-2047
-317
-2127
181
-271
-4165
-1952
1946
-1245
-3226
-1118
-3514
-3472
-1194
-2212
-5073
-4627
-3578
-4454
-4616
-2680
-3453
-4413
-3424
-2508
-5551
-1469
-386
-4547
-2411
-1663
-3602
-3444
-2567
-1847
-2478
-1679
-2141
-4536
-1396
-634
-4856
-6471
-4424
-5029
-5198
-4193
-3431
-4742
-4405
-2771
-5203
-3279
-3520
-5813
-4347
-2027
-1985
-4364
-1694
545
-2285
-533
-1097
-3515
-3923
1009
-155
-1892
-1031
-2616
-4908
-3100
-2260
-4659
-4666
-2547
-4775
-5152
-2069
-2398
-3080
-1987
232
-2194
-747
3515
607
-719
1241
-390
-848
2137
963
-2837
-1721
269
-2115
-283
504
-891
-1226
1691
-347
-2643
796
904
363
-1001
1434
-340
-1270
283
-498
286
655
1091
-649
-1187
1651
1
-772
2573
915
-44
2914
1117
371
1293
2529
374
1066
1917
169
-1312
-258
290
-4375
-2989
-573
-672
581
1968
92
1402
4445
1544
3096
7595
5389
2402
3445
5984
3041
4553
5559
2494
3964
4134
3432
1555
1519
438
-2591
-1587
336
791
-2293
241
974
-1594
2044
2628
341
2554
3766
2819
3568
3014
3181
2392
2664
3670
1184
4465
6262
1513
2321
2450
2139
90
998
4689
-510
1510
1503
906
1478
2641
1827
402
855
1976
2122
3821
2759
-1241
2363
4263
2919
653
3367
568
184
4738
5139
1691
113
1193
-578
-348
1237
702
-2408
456
3538
118
-1579
81
338
3189
3111
-417
-448
3635
2390
-1209
2911
2653
97
4072
4758
611
1444
5002
3493
341
1313
3404
-705
535
4625
364
-426
976
917
-2514
2101
775
1004
2839
3265
2256
2601
5753
1803
4299
8506
8227
4353
7100
6000
2625
5995
7346
4613
4422
1157
1157
2313
2996
2791
713
3647
4409
566
1013
5760
828
1368
3011
832
-114
4228
6829
3125
5247
5372
3526
4685
7240
4531
2065
3910
5513
3299
4592
5214
1818
1348
3675
661
2221
2328
-242
-661
-278
501
-2319
-2366
958
1099
631
4643
3418
3005
4617
4875
2947
2209
4530
1711
3337
4574
2480
3224
3608
1964
-1103
-67
746
-322
344
-728
-1178
-3132
-2472
-1922
-737
-586
-1397
-2453
-800
1629
398
-93
50
290
-2219
-340
-3306
-3707
-610
-204
-161
-50
-659
-1269
-2812
-1723
-3716
-6928
-6030
-3644
-5844
-4918
-4169
-7611
-5226
-4042
-5235
-7868
-4588
-3192
-4529
-359
-1304
-3928
-2833
-2570
-221
-2390
-1669
-2500
-3323
1775
238
-1688
-3811
-2353
-3844
-3424
-790
-3747
-3783
-1421
-441
-3164
-2138
1095
-1020
518
1953
1721
1249
2392
4453
-990
-1166
1901
-430
757
2610
2083
1068
2371
982
-3237
-792
-1137
-1100
385
1623
-1462
-1350
2896
697
-1145
-829
294
626
914
2167
-1176
-1683
1898
704
-269
-339
-1298
-3845
-943
-1401
-6437
-3705
-1800
-4098
-6892
-2623
-2320
-4469
-3791
-6332
-10084
-7492
-5305
-7881
-5894
-6619
-5912
-7296
-4742
-3901
-7738
-5139
-501
-2821
-4666
-1310
-2231
-3210
-3279
-577
77
357
-1873
-4610
-2534
-1392
-4424
-2841
-2154
-1052
-4622
-3296
-2534
-5028
-1618
-129
-537
-2544
552
-2304
-3004
1457
2740
-2596
-3406
-1495
297
-1771
234
-394
-2088
1170
-966
-983
1125
1159
-2723
163
3539
255
-250
2928
606
-2216
-709
3573
2714
2892
2547
3126
2641
4215
2671
2462
6822
2106
1368
4086
6793
3384
2144
3571
-446
-1451
1434
-140
-1813
-698
-609
-2189
-93
2148
-1061
-2705
812
2272
1065
4693
4860
2033
2419
3033
2265
2592
4850
2568
819
4837
2500
-2115
764
2167
-2420
-1874
948
-888
-1539
-1170
-2763
-1771
2546
3147
-824
1669
2785
1041
1427
4889
2814
2346
4717
5355
5543
5139
5696
2244
4419
5229
913
3070
4649
3662
3591
5954
4062
191
1879
4327
926
-515
3413
237
-675
2959
3503
-928
1670
4467
-1064
1323
2707
2013
1049
4420
3444
2025
3123
2464
888
1901
1447
-1016
65
1291
-97
-4832
-797
-1040
-3480
733
1023
-1782
-4407
-153
298
-1962
1841
170
-1368
2031
2203
-762
2488
2649
-568
-2090
456
-1197
-2228
-891
75
-1253
-2599
-1413
-2289
-1751
-1939
-3176
-5069
-4202
-6164
-8512
-3534
-1223
-4864
-4932
-1227
-4039
-3582
-1214
-119
131
256
1582
-1559
642
4449
2303
-1211
-2194
-3167
-6848
-3719
-3482
-8407
-8336
-6834
-6773
-8951
-5075
-7506
-6063
-3311
-3322
-3934
-4242
-2871
-5231
-5159
-1668
-1212
-1524
-1407
-2876
-4694
-4489
-2494
-4162
-4064
-714
-6395
-4608
-971
-2195
-2788
-3143
-1729
-5243
-3672
-3817
-4554
-3898
-1349
-1473
-4524
-1852
-4497
-5052
-2093
632
-1337
212
2590
-544
-171
509
2765
1986
2541
3802
673
2187
2057
-2797
-3767
-2499
-2104
-4601
-2465
-2265
-2844
1069
55
-2681
-2389
329
123
-1111
2881
3445
710
1233
2982
1140
2437
3106
2386
1904
1445
625
-1806
1332
4406
1487
1645
232
-1862
873
1559
263
-1273
322
3970
2092
3871
3358
374
1617
2407
1410
2177
4758
2762
1007
4992
1261
177
293
1629
1059
346
4203
1932
-597
2537
2607
332
-219
874
-1831
-71
1435
478
-4356
-30
1747
-813
2755
1119
562
405
668
-2109
559
2898
1237
1658
1058
-377
-780
888
-1120
-3304
-2153
-184
66
-3441
1300
499
-1486
366
1572
740
-774
4063
1681
182
3053
2268
750
907
3015
-2027
2844
2903
783
1417
4424
4246
-150
1764
1695
-640
-33
1753
690
-163
918
-699
-1321
728
1428
-1338
2012
2604
-1500
3002
3864
619
885
2789
574
1247
-251
1770
-2859
-1615
-454
-2638
-2829
-3300
-5369
-5320
-2401
-4201
-5606
-2971
-1256
-2028
-1048
-442
-2170
-2179
33
-85
-586
2108
1524
-105
3652
4667
-1022
964
4563
2368
1951
3936
4799
741
1906
2339
-2493
-2888
-161
539
-1328
2070
709
-206
2198
2633
812
1465
5553
3219
5231
5062
2443
2833
4280
3420
718
2560
6252
1234
749
4074
275
-989
986
1638
854
-74
72
-2201
-2713
-368
-1794
-727
1714
1439
-1561
2002
1000
-1073
2015
1306
1227
3170
4223
1767
2249
2028
3217
4164
1365
1069
577
-132
1103
582
-146
450
26
-1738
-2808
-1182
-2514
-2179
1293
300
-1834
993
3042
2246
1197
2830
3590
5444
6165
3638
3128
3460
2845
576
3154
668
-1063
800
2664
-692
-640
2914
-565
-3520
1165
-360
-315
1248
716
419
-1912
1770
-490
-1214
1838
-146
-572
2678
1368
-1864
-883
659
-1011
-1442
2560
-270
-2437
-1276
-3787
-7242
-3292
-2919
-5893
-7922
-3321
-3540
-2280
-513
-2458
-3407
-1512
1005
-2026
-1189
2810
-988
-2200
1648
-3086
-3744
-1777
-1607
-5582
-1939
-1360
-5092
-2500
-770
-3108
-3910
235
-2559
-4518
-2973
-3219
-4621
-3924
-2652
-2942
-4157
-1623
-2627
-2832
-155
-106
175
-466
946
-2031
-631
1574
-77
-1511
531
-1105
-4012
-748
-2195
-5081
-6079
-4147
-4818
-4368
-675
-1466
-2551
-327
2282
-1135
179
1822
-1214
-194
2852
3084
1175
3293
1837
-1062
670
2454
1516
-251
2978
2164
1994
2042
-795
-662
-1229
156
-1559
-1700
28
-3863
-3726
-519
-931
-1970
102
-686
-2079
947
2584
-420
1468
4090
2198
348
4352
1317
1530
-576
176
-2438
-2129
-597
-1331
-2537
-346
708
2109
4700
1436
-763
-480
2421
1852
2255
5315
4531
2379
3097
5407
1992
1463
2670
420
980
4778
2148
4041
4605
2197
-1287
2512
3356
-2459
1169
1878
-720
-2497
1587
940
-1137
-361
-1098
946
1953
4262
2208
1638
4224
2093
3507
4528
3335
1912
3342
5379
178
-1184
-377
-1321
-1487
2075
-16
-1436
-994
-971
-1820
-2037
-655
-1345
1074
690
812
-754
862
60
-1092
1928
1658
1768
1376
3889
1203
59
5691
-491
-1499
847
2572
64
-2471
1511
-479
-1471
-83
-845
-2837
-279
1426
-2160
-1558
282
-1487
-832
1750
-728
-2264
101
3348
-656
-558
1965
-808
665
3101
1453
-2395
449
742
-1982
-383
462
-2999
-3721
-119
-3134
-2852
-773
-887
-2119
1505
2078
-1199
2965
1575
-673
814
3690
919
602
4314
1690
1118
4493
4526
2072
1765
4044
533
-1100
383
-1842
-3004
-1614
-871
-4040
-3800
550
-2156
-2465
-1238
-622
-1720
475
-232
-3502
1123
3189
-650
-11
1108
-1244
-2624
147
43
321
721
1151
-2182
-1118
2450
-2513
-917
1822
1582
1924
4704
2706
-620
2571
2306
162
1070
5020
712
859
3854
4614
3968
3789
5129
1180
889
2113
36
2940
4366
2767
-53
488
675
-3853
528
1963
-3354
-3993
-1793
-2383
500
2905
1865
-1652
1342
2695
-2607
-646
3689
1931
1454
2471
-758
-2756
346
-1035
-4933
-2768
-2120
-3802
-4317
-1728
-2652
-5720
-3531
-2343
-3593
-1503
-1487
-3881
-2741
-1541
-6397
-7345
-598
-1843
-3044
-230
-843
-3672
-1164
667
-111
-1472
-2068
-374
-821
-1782
-2245
-4549
-3138
-4871
-6944
-4244
-3206
-5483
-4139
-923
-4614
-4998
-55
-392
-1577
443
716
-2989
-3122
-1494
-1518
-1729
-417
-1411
-4818
-1365
1040
-3995
-2470
-23
-976
-2901
-2564
-2200
-4010
-5078
-4118
-5563
-4697
-6727
-5549
-4013
-2490
-2341
-2279
928
1358
-1488
-430
1337
-712
-493
1129
-1890
-3149
483
784
-2026
-3228
-1053
-2589
-5388
-3514
-3697
-4090
-4256
-3205
-1573
-3400
-20
-2403
-844
-677
-1501
-350
319
689
-2487
2078
3052
115
2879
3771
-1307
-436
5342
3071
3500
4095
3098
-1528
1580
1372
-413
-418
2619
1067
-1008
1341
854
-349
806
3465
601
672
3699
1679
1994
3830
2907
1328
3674
2776
247
1592
5070
2803
2768
3851
-1321
-1654
2360
495
413
1538
1607
-1364
508
2281
-509
-594
177
967
-2487
1361
-29
-1329
2705
3111
4286
305
3869
2538
97
4112
1339
-171
3099
5048
-493
-698
2449
554
-713
1076
364
-4986
226
1541
-920
1228
4303
1146
-1548
2327
511
782
4601
3337
3535
3591
4897
2380
1266
5729
1686
4135
7055
4348
1854
1300
680
-1878
1097
2801
-135
-552
-365
217
434
2644
2724
247
864
3368
948
1662
6133
4771
5727
7347
3218
661
3200
5409
3908
4284
1861
1714
-563
212
-198
-592
2037
565
-1673
-1486
-520
-238
-640
1593
1245
-1448
764
602
-647
3421
4562
2896
302
3175
4886
932
3483
3926
2504
4137
5225
2448
2620
3435
2196
295
1694
1324
595
2542
513
-1355
2552
2461
1893
440
4303
3519
1906
4174
3926
4275
3213
4746
-249
2990
4469
-1240
-1593
2562
1143
-1738
-1125
-867
-3908
-711
2918
-916
-152
-398
-1090
-1432
1159
2163
-1840
880
2985
925
927
3437
709
-1341
2196
62
-1283
3528
2278
-3213
-1509
1602
-699
-4608
-44
-2540
-4607
-1901
-4487
-6335
-6188
-3695
-5989
-5270
-1272
-4098
-4272
757
-1342
-4002
-764
546
-2152
758
2004
-3280
-1531
2045
-696
-3641
-25
1571
-452
-1985
-1437
-2524
-3884
-1334
-92
-3103
-2040
-795
-2880
-449
197
-1835
-1434
-279
-812
-771
1341
1305
-2538
2439
4652
994
2338
3452
1402
806
2555
2251
-1961
-523
501
-1480
-2083
-399
-2807
-5674
-1156
-2346
-4528
-1402
-247
-1286
1008
1420
-924
2408
2969
1462
2114
3604
313
-3109
654
2120
-592
1144
1358
-751
-2999
147
236
-1025
-232
123
-2460
-1749
1576
-552
1057
1513
2368
2048
4085
2527
100
1412
1940
2797
941
3302
1348
2421
5064
1203
242
1656
1253
-2356
-1679
-314
-2167
-1132
-571
-2932
-3854
-4654
-3300
-3489
-4423
-1764
-4079
-2616
261
-166
2120
1770
2933
1708
4378
3873
-652
1088
1548
-9
366
2120
1948
-1133
-1913
-1049
-4574
-3976
-1884
-5202
-5083
-3251
-5297
-3804
-2171
-632
-470
-289
961
-3177
-1902
-405
-1155
-721
3103
-121
-4035
1973
2947
-1430
74
1552
-3907
-4166
-4220
-5938
-5222
-2955
-3970
-7705
-5087
-2958
-6363
-3314
-3119
-3551
-6425
-2235
-1045
-2964
-422
1321
826
789
703
-1700
-1106
236
-729
-3345
-3481
-3383
-6369
-5837
-2576
-4107
-5913
-5964
-4465
-5931
-5374
-3938
-4682
-3774
-1402
-3005
-3719
-60
-3435
-1578
-1033
-508
-2000
-1810
-759
-3966
-1524
-575
-2886
-1023
329
-3053
-5938
-5410
-4283
-5752
-6074
-3534
-6540
-7911
-5218
-6527
-5304
-5133
-3813
-6169
-3904
-2258
-5206
-1920
-236
1115
-1927
-1153
-2887
-2727
170
-822
-3023
-1569
396
-2421
-4355
-2163
-3586
-4734
-625
-3339
-5794
-5648
-3407
-2394
-1783
396
-2367
-3074
2399
-55
-3421
-858
-760
-380
-454
1466
-134
-1610
3323
-551
-490
3796
1667
-4093
-786
3183
539
151
1700
-1050
-3730
2375
2247
542
-333
1351
-150
80
3596
1908
-153
2334
1297
1253
3782
2099
-1305
1321
1239
-1695
781
2197
605
-1848
2149
268
-1367
1708
1652
-3396
-2427
2841
-394
-1503
-857
-143
116
1298
3327
-302
1601
2527
2299
1021
2769
499
-940
2319
1690
1680
2004
2301
-1686
-3531
-83
-2214
-2010
-540
-402
-234
49
3194
951
948
1932
907
435
2520
1641
2416
4725
1134
471
-1128
1932
2327
2270
4064
-441
1056
3883
3658
967
-549
2641
1491
16
3129
2598
834
2893
2306
1221
1830
1951
1689
2399
5639
4150
5927
7243
4815
5471
6673
8853
6423
5712
9038
4904
4496
8239
5699
4695
4906
5078
5989
3034
6128
3251
3177
7159
5222
5722
6960
7615
5368
6541
9462
5288
8666
9685
5275
6516
8636
7766
5743
7438
8144
4426
4614
7340
4011
2779
5613
4695
6644
7417
3914
2653
3608
4548
4008
5887
7803
6147
3371
2728
1453
1300
5977
6649
3773
6263
6849
2928
2677
6643
4604
3698
6500
5392
3514
4364
4352
375
1225
2571
175
-1108
4915
1758
675
4077
5017
4364
2899
5764
3028
4360
5789
5185
4863
5523
3554
2113
5370
7424
3941
3193
3289
1303
-1730
-270
1630
-1437
-869
334
-826
409
855
-490
457
1562
1827
311
3672
3455
432
1750
924
2067
2425
2197
1854
71
2689
1300
-489
788
563
-2114
-1748
1072
-915
-2598
-1008
-722
-4700
-4720
-6184
-5597
-2934
-753
-2017
-5509
-1745
-4075
-3010
-140
-2914
-2012
-1571
-900
-2340
-5205
-1877
-2221
-2500
-644
-2450
-3788
-4912
-5039
-5307
-6168
-5713
-5942
-6696
-3621
-4666
-5113
-3689
-2125
-5618
-5329
1027
-3237
-4066
-1314
-1896
-4788
-3579
-3824
-7543
-4785
-2561
-5339
-5661
-2712
-6569
-8995
-8136
-8095
-8600
-6933
-3785
-7408
-7636
-4029
-6156
-6095
-3351
-2125
-5905
-4791
-6163
-6791
-4455
-1965
-4206
-3850
-3337
-8272
-5912
-3066
-2296
-4641
-2663
-4024
-8327
-4730
-3245
-3875
-7302
-6447
-6374
-9434
-6409
-6295
-8013
-7376
-5602
-7520
-6472
-1852
-4159
-4358
-1750
-1840
-3467
-844
-221
-1277
-1722
-312
-1971
-3404
-1095
-2785
-5760
-2091
-3827
-5501
-3263
-2880
-6626
-10260
-3700
-4935
-5301
-1806
-1216
-3083
-2963
-468
-3916
-3914
-1995
-2705
-2041
1033
-91
-2424
-632
27
139
-90
1273
-2124
-1686
978
-2938
-2284
-3197
-2368
-3322
-3248
-1366
-5216
-3331
-2761
-1383
-357
657
-354
-2551
1273
1572
136
338
904
400
-168
3619
1186
-1094
561
430
-1989
-2014
-454
-763
-3097
-905
63
-2500
-1633
-536
-439
-1468
-702
-1967
-1310
-14
-245
2173
4753
5541
1439
660
447
-1780
366
3403
1341
1234
3924
2783
482
536
2060
-224
-1390
1160
-971
468
1913
2084
60
1601
4258
359
3033
6765
2998
2517
7763
5386
3403
6693
5463
2564
5387
5569
1249
1312
4681
540
-398
2144
-619
-2843
-548
1080
-3682
-1775
163
-1515
1552
3539
1842
89
6189
3991
1061
3787
4035
2960
3536
7757
3764
-22
4895
2165
309
2702
3664
1910
848
3217
-2564
108
2180
-225
-1949
1763
1976
-500
2341
3785
1064
-1726
2303
71
819
4000
2288
42
3012
4502
-683
3462
4729
-381
1124
3690
892
-1313
1216
960
-1752
-672
-1021
-3110
84
3330
499
-347
272
2257
274
1240
4505
976
2933
6382
1242
1308
2668
-339
245
2743
3653
542
-406
1123
-733
-1021
2037
255
29
8
-2059
-4343
-1443
-318
-1617
-1197
-565
-582
-2273
2542
1330
-1028
2248
2215
415
1097
2933
645
-800
4448
3084
609
2039
434
-1988
-3038
-11
-2076
-3258
-1101
-4084
-3478
-518
-1006
-2320
-169
1890
-928
-1022
2696
373
210
3137
2212
1049
2811
3049
-676
-2194
1779
-381
356
2790
-850
-2328
617
-140
-1642
-1071
81
-1912
-1484
823
-3655
-2911
-1081
-2604
-5145
-891
1956
-1983
-889
2135
-895
-980
3040
3227
-1468
1494
3427
271
-1448
495
-312
-2142
-560
-2303
-3921
-1142
-1538
-3559
-676
1053
18
-298
1463
81
-3689
1709
1726
1826
3138
4324
751
554
3401
717
1733
4204
2764
-945
2265
2404
-1951
-852
-519
-1034
-2250
-1250
-2076
-2632
1187
788
-3374
-1507
1754
-621
-378
2796
2450
1466
2067
1578
533
2632
3032
925
3427
4721
3324
2798
2163
2975
804
5022
4488
-969
1649
-1031
574
-533
-1421
-1019
58
2052
1181
-1000
407
1949
-1150
1326
2482
1660
-524
1765
2597
1294
5069
5121
83
1131
1996
-514
-1107
1700
-1257
-2573
-2183
-898
-2317
-1669
399
-3141
-2613
565
1554
-400
336
2177
971
3230
4539
-1354
-380
1771
-710
328
4471
2546
674
411
-1004
-1631
594
1974
-1697
-1553
-1631
-2147
-3307
711
755
-1762
-117
-893
-1397
-1025
1990
-1177
-1581
1321
966
-494
1829
1529
-2145
-434
3697
1147
208
2446
62
-2167
-1422
-3103
-4018
-2390
-1184
-4682
-3523
-1006
-5010
-6163
-1819
-488
-4776
-2140
-771
-3120
-447
1830
1200
1190
4360
315
-2470
-24
-1597
-3719
-2307
-404
-1967
-1254
259
-3093
-3180
852
-798
-1106
-1540
418
-1370
-697
3148
-1956
-1958
1077
-1116
-908
552
-267
-1029
-374
1808
964
89
1710
-1002
-767
-955
-1063
-2507
-692
1096
-2481
-2731
-1422
-2058
-2921
-985
-2179
-3083
707
192
-3462
-1271
2867
-1072
-1883
2809
-513
310
1443
1494
-2485
-1326
2121
-1087
309
1487
-3660
-4339
-2637
-4522
-4213
-2569
-1295
-3975
-3015
-483
-5129
-3372
-3884
-3770
-5245
-2709
-919
-3834
-890
-2538
-1619
-270
2280
-962
-3643
314
215
-4373
170
-41
-4219
-3272
-1787
-4073
-4310
-830
-2963
-5654
-4324
-3153
-2324
180
-264
-2588
-3552
939
1502
149
1805
3137
2335
774
2363
-508
1592
2643
670
683
2931
-657
-4286
-1596
-1349
-5727
-4236
1183
-3973
-4227
-1363
-777
-2617
-1701
1222
-1029
-310
2278
76
3153
4251
198
-1525
1109
2529
-1608
1898
3460
-1708
773
877
855
1356
3189
1740
-530
3966
2577
1528
2843
4494
896
3088
5575
2163
516
2356
4222
1763
3905
4366
546
3148
5359
906
2165
4506
3423
1713
3065
4209
1061
1142
1441
-918
-910
656
281
372
2313
892
2350
4057
4692
2900
3944
6150
3331
5935
6001
4566
4766
5278
6189
3946
3275
5469
4468
3659
4215
1974
202
4076
3731
1737
1735
2414
-1419
-1647
2241
1048
333
155
2218
724
1904
3559
3569
1667
1753
3029
1889
676
484
-685
1322
3878
87
1720
2009
-830
-2331
1434
102
-3076
1705
1076
-2520
-3402
-603
-500
-1800
-1423
-1201
-1949
758
1097
-722
312
848
-202
537
1223
1936
-750
2772
-518
-957
-26
-2167
-3052
-4797
-1749
-4956
-4365
-2347
-3639
-6354
-2393
-828
-6860
-4032
-2649
-3761
-942
-1185
-3430
-2006
619
-1097
-3438
-2086
-1373
-2657
-4085
179
-3158
-3315
-451
-1612
-2087
-311
-2133
-5850
-2082
-397
-3375
-466
2323
172
-219
419
639
-1147
46
2191
-910
429
4638
2936
1798
4000
2836
1534
2851
3375
2084
2980
4547
2284
-391
902
-185
-1273
1047
-342
-3860
-1158
487
-3404
-2990
-799
-1740
-2540
1875
-562
-1077
471
1986
1592
1878
566
-2419
-880
802
-1153
-656
913
893
-2052
-2055
-191
-1552
-1120
2217
194
-2062
1803
-913
1112
2222
3679
1450
2306
5080
1086
2531
3852
2444
1569
5244
3536
-376
1268
3947
2938
2049
1856
1301
-1296
1370
423
-3209
-222
539
-1151
-4508
-1575
-4146
-4185
495
-90
-2134
277
1050
1270
2126
4297
840
-553
2301
-217
-932
1820
990
168
1205
2321
-907
-115
1486
-3850
-4005
-1650
-2260
-4623
-1960
-1112
-4433
-1331
1612
-1361
-4131
301
-755
-3471
691
-913
-3885
-2666
381
-1791
-2667
448
-1918
-2708
-757
-840
-4339
-866
1097
-3934
-2448
-1566
-4204
-3577
-1969
-584
-3027
-975
543
-161
-231
411
-619
-678
2361
757
-6
1743
1410
-1774
949
4162
517
1655
2966
1682
726
2768
2581
497
2530
1579
-541
106
2717
970
456
4399
2852
135
2206
2730
3550
6175
6134
4554
3220
3934
2336
2033
6156
3940
1764
3004
2594
1746
221
2504
1893
1256
1994
-1169
-2752
-555
2940
-1297
232
3096
-738
-1099
2595
1714
891
2432
3114
733
3689
5346
537
3498
4854
-611
88
2979
2114
-1851
824
909
-1493
-729
-1304
-1843
-3215
-1641
-1384
-1392
-1122
313
-1886
160
3943
963
3790
5181
3479
3837
5360
5106
1473
3176
4412
429
1085
2195
1590
2065
2416
836
-1249
457
2005
221
-706
-19
-3202
-3068
-480
-1532
-3773
-185
-224
-3270
-1616
-229
-2571
-113
2033
-1975
-4428
1740
1399
-1610
140
-267
-5596
-3853
-1633
-5085
-5140
-3520
-2696
-6618
-6683
-4629
-5482
-4391
-835
-1858
-3591
-1519
-3683
-4919
-3125
-2954
-3376
-1840
1391
-2547
-1511
910
-3167
-2914
-465
-763
-4738
-1571
849
-3911
-3565
-2900
-6416
-5734
-3465
-6646
-6767
-5584
-3654
-5912
-4860
-3090
-6333
-3969
-2075
-3050
-5298
-2857
-2038
-6823
-1231
-2984
-4897
-2647
-2696
-3287
-5260
-3930
-5483
-7059
-4028
-2834
-6259
-4867
-1947
-2274
-4601
-1995
-2475
-3930
-683
-1492
-2594
-1619
-1897
-2880
-402
336
-670
-1238
-810
995
-1194
-1699
627
-1787
-382
1280
-1613
-2708
-718
-2587
-3790
-1850
349
-1893
-1693
384
1281
-107
2363
2157
681
4547
3450
2956
3955
3612
2304
758
4818
1390
1295
3170
1792
-90
342
1201
-1914
-1130
1308
-86
-293
2608
632
553
-415
545
-1171
-210
3268
-69
334
2016
1576
870
4169
2720
691
3416
3862
868
1519
3608
1483
316
1752
394
-3178
111
1086
-361
-1120
-1155
-238
-426
1196
3184
2027
5999
5118
1624
3098
4975
2353
1106
4962
1671
2395
5066
2561
2349
5026
3716
-1648
1325
3026
741
-76
2977
2872
2290
5036
3186
766
1534
3290
1243
-1035
2286
573
-728
4224
1318
1901
4769
5328
2727
3926
7478
1665
2035
4743
3741
-296
765
547
-369
797
227
-1814
-2650
-741
-4149
-3995
-392
-1952
-1222
92
180
-626
-1009
531
-1757
-1033
3729
1884
-86
1301
3136
-2539
-2920
832
-2047
-2541
-746
-3878
-4426
-1681
-2265
-5717
-3896
243
-4173
-3878
-2353
-3269
-4160
292
-927
-4050
-3182
-914
-1273
1029
3528
392
1730
2830
1826
521
1671
508
-1743
-1121
1039
-370
-944
251
-1642
-1700
-1951
192
-910
-1367
982
-891
337
2232
-493
-672
2593
1329
1833
1939
2479
951
855
1887
734
2718
3993
4550
1203
3124
912
-1248
-110
-964
-2213
-4136
-3015
-3083
-3760
332
210
-1670
-968
-1324
-1938
558
2558
334
157
2987
793
-1302
3583
4461
1500
3596
1930
-2442
-1478
292
-3854
-3868
352
-322
-5240
-4471
-649
-4178
-2805
1212
-3317
-4786
-2043
-2698
-671
1328
3106
1062
-206
-533
-2130
-1451
2146
-634
-324
3262
1992
-55
736
1943
-2393
5
1386
-1656
-2335
1656
-514
-1322
2889
3880
804
1741
4172
583
3310
5371
3604
3955
4486
5295
1467
4199
5393
-673
1426
1750
446
-1183
988
1536
62
1209
1052
656
1434
2582
1260
2773
2269
4356
3681
5692
7587
5971
5610
6877
6295
4412
6568
6078
5311
6020
6312
3723
4857
7283
2981
1599
1633
1261
-467
371
1105
-1023
1927
2308
-65
1057
2600
352
840
5268
4875
2564
4806
7437
4906
5397
6746
5896
4261
4817
3230
2531
4619
4205
-191
994
675
-986
-648
824
-1281
-2832
2295
-1397
-421
4049
2398
510
3605
6018
2550
2346
4443
4437
2620
5121
4925
1509
4268
4244
1762
1531
2471
1682
-1730
3178
-1104
-3615
786
-286
-1838
-3720
492
-300
-889
3084
1242
-1553
1055
32
286
4154
2894
1200
2614
4114
105
-3581
2258
930
-1702
-543
-435
-2905
-3681
-1831
-4982
-6755
-4769
-4441
-5794
-2187
-3558
-6219
-5676
-2746
-2572
-4593
780
-4920
-4164
-1930
-2440
-1663
-1570
-2921
-4699
-3341
-2847
-2730
-4541
-3438
-4505
-6141
-3776
-5318
-7082
-6286
-4796
-7408
-8246
-3904
-7672
-7279
-4702
-4682
-4324
-5830
-1966
-4984
-4132
-1003
-1479
-2335
-3293
-1897
-3300
-2918
-1944
-3251
303
1579
-1217
-3384
-2780
-3781
-5615
-2151
-3279
-4557
-4756
-2474
-4157
-3871
-527
-739
-3155
1401
2422
-3896
-922
739
-848
-1655
-1540
-613
-1372
-570
-118
-2266
-1743
-2480
-2952
-2852
-2416
-2416
-1536
-1659
-5535
-6232
-5147
-3252
-5003
-3957
-1940
-5594
-5679
-2150
-4735
-2530
1326
-489
-1889
-1084
-238
-1788
-882
-731
-2142
-2673
-3173
-2699
-4161
-1974
-5272
-7689
-4691
-1240
-3588
-4330
-660
-3244
-4192
-1992
-567
-6490
-1987
736
-3632
-2077
-367
-1335
-1501
1484
97
-2476
1535
1242
-1224
310
315
-317
-118
1472
722
-123
-237
-292
-2015
-150
109
-2035
-584
1604
2247
-69
2953
867
-1204
5071
6381
3354
4794
6985
3521
1044
1210
2538
1668
1704
2666
-1437
1705
950
-2155
308
708
-785
-5385
-171
527
-1669
595
1624
991
362
4285
3441
2627
4020
5893
4851
1847
6842
2150
3323
5379
2154
3662
1810
2597
-159
-59
-945
-2582
-1142
-774
-3674
-2782
668
-2159
-2673
-516
1839
-1425
880
3771
-177
651
1432
209
-362
1457
-513
-2498
-777
-488
-1910
-2323
516
-2443
-3018
282
-2672
-3681
-2037
-545
-4394
-4129
-1734
-5720
-2752
919
-1322
-1558
1627
2505
-135
3684
3385
1370
709
1690
172
48
5389
1458
-16
2678
2646
-1733
-2406
1280
-2701
-1152
957
71
-2178
477
2343
-1213
2682
3576
845
-599
2150
158
-1212
4103
2421
626
2099
1278
-1633
1255
6118
2317
-743
3081
-417
-1323
2761
1455
-509
-293
-79
-2410
-158
1062
-1364
-2566
2779
3911
1748
3495
4187
40
831
2605
2290
601
4085
3312
-1373
1872
3947
2178
2976
4606
767
-895
1397
917
586
1673
-200
-1049
1464
2619
-797
1286
3207
1478
548
2817
1484
1879
4583
4941
4248
6007
5592
3315
5155
6844
3697
1365
2821
4706
1270
1352
2025
555
2047
3382
1524
-1833
-843
944
290
680
3336
720
1776
4555
1454
2009
4243
2228
129
2946
3763
2168
3249
2926
911
3274
1457
-92
1148
1088
198
670
1561
3147
496
355
2405
-1051
-2089
678
1943
-876
790
2465
575
1083
3416
2641
-898
984
2284
-699
1435
3104
437
898
203
-2100
-4380
-3406
-4922
-5549
-2589
-2205
-4205
-3006
-1208
-2908
-893
3144
417
-703
2085
931
1838
2912
2701
1064
2826
2491
-617
-704
2524
178
-1071
2301
1386
-1649
49
3333
-1695
-1806
2257
835
-3810
133
156
-685
1999
1994
-1072
-648
4299
2033
1606
7023
6296
3644
4101
5126
1440
3954
4111
1442
1643
1121
1573
-1814
1090
-344
-893
2802
2612
-694
-97
3378
990
798
2118
1005
-441
3856
2350
-2058
1358
1886
383
462
1995
2476
-1239
3368
5042
96
2236
2890
-43
1148
3324
362
-1294
99
-1801
-2989
-1502
337
-2925
-3583
-1346
-2155
-2968
-765
-1379
-1681
2200
2452
-782
533
601
-1426
-866
-829
-2363
-1308
863
1732
-1535
-1936
-2772
-5308
-2667
-579
-2772
-4209
-2972
-5370
-5878
-4283
-1030
-3532
-4001
-2835
-4908
-5380
-3295
-5274
-5175
-2003
-4738
-5030
-2909
-2303
-3992
-3580
-2530
-5897
-6133
-5800
-5468
-8057
-6227
-4955
-7116
-5544
-5527
-8647
-7043
-3631
-5017
-7257
-2196
-2615
-4378
-1390
-2931
-2010
-1906
-1914
-4122
-4887
-1601
-3033
-4334
-650
-2041
-4397
-6088
-5455
-5079
-7414
-3953
-3591
-6312
-4261
-4428
-5922
-3544
-3722
-2724
-2909
-213
-3686
-3945
-1457
-1065
-2273
-3314
-1295
-3344
-1383
934
-1560
-1450
-753
-1084
-3591
-2754
-2057
-5751
-5301
-2472
-4233
-4782
-2595
-3184
-3159
-1508
604
-3351
-448
1501
-1276
1373
3680
2632
-12
3521
3612
-1230
2272
2051
-809
-127
1263
-970
-192
2804
429
-2492
492
1643
-603
-1042
349
-170
68
4069
3117
1270
3658
777
398
2374
4195
2642
1884
5681
3553
-437
1509
446
-338
8
501
-214
599
2300
-1215
1464
3656
2762
1757
2801
3279
1122
3757
5290
4688
2541
5613
2862
1420
3502
3252
2297
3323
3631
2826
3170
3269
1806
2649
3671
2219
609
1928
3492
1612
3370
4480
1443
128
2176
2076
709
2047
1209
97
3938
4345
2484
4369
3794
3120
2777
4159
2984
111
2278
4163
1014
2910
4839
3315
2247
1458
2709
-12
3504
2748
2062
3430
3421
-27
1408
4901
3006
2249
4046
4387
2632
5772
5704
3150
4220
6968
2163
1332
5678
3202
1865
3506
2346
-1353
-513
473
-1501
-2390
-996
372
-3954
-3018
-1624
-3277
1372
810
-942
322
3474
819
601
2400
2404
1621
3128
114
-1733
1227
2511
-350
-528
3822
1773
-198
190
-320
-833
39
922
-1280
-261
-1022
-1101
-1349
331
1394
-2437
-1762
1243
-1241
-1702
426
385
692
3580
2272
-1963
1015
1067
-1199
-599
800
-3855
-2348
1177
-2434
-4525
-1769
-1128
-3943
-3903
-2350
-2950
-712
681
745
-429
1874
-394
-1133
-866
633
-1119
-1483
2143
1028
-584
-1027
-377
-444
-960
818
-2738
-567
-570
-3603
-28
987
-1723
-6364
-3210
-1934
-2706
-3274
-1351
-1538
-2688
-604
-227
-1094
3099
1694
-953
487
-339
-1634
251
3490
83
-797
-371
-2472
-3197
-366
-1092
-4090
-2914
-2938
-4260
-3823
431
-2789
-4498
-624
-2028
-5637
-2360
488
-615
-1697
-959
-1171
-122
586
1754
-293
1266
2508
475
1056
2296
-199
-1485
-52
-1853
-1850
-272
-297
-4025
-1201
182
-4707
-2802
-159
-1364
-3246
244
1260
-1363
-95
1845
-848
938
226
-945
408
1710
-1179
-366
1695
-21
-1752
-1370
304
-2417
-3256
478
-1521
-3950
-642
132
-3501
571
-984
-2405
234
721
-3520
-3159
611
4017
1239
3690
2625
-1500
2197
1506
277
431
2153
1089
-3291
331
359
-1135
-1129
-2360
-4008
-2932
-1341
-2081
-2847
422
2346
-2902
1467
1501
-649
1313
806
517
85
3859
786
367
2305
-234
1584
1049
23
-398
309
3001
-2152
-2256
-324
-350
-2549
-2667
-1152
-4688
-911
232
723
-1042
113
-1805
-2051
1680
2571
886
2010
1307
609
1735
4398
1193
-604
2005
-1323
-669
474
248
-2234
-837
3025
-848
-2794
-217
108
-4112
-1584
-951
-2672
-1015
1941
1529
-1739
2785
414
-1836
2077
1664
2179
3520
3277
1099
1273
2579
889
-2968
2107
633
-3070
-3192
-2571
-1946
-2328
307
-2840
-2904
339
1232
-2614
1437
2730
-739
1237
3981
1666
1430
3977
1656
-439
1650
2188
978
997
2609
-155
123
2006
-758
-2426
-330
841
-3351
342
-1931
-3942
-2085
102
-1414
-565
2127
-19
-4173
-349
5242
236
796
3280
1230
731
1567
838
850
2970
1838
-1969
-104
-373
-1642
-1953
-952
-2929
-4409
1916
-1812
-3425
715
1207
-2336
331
807
-4924
-2187
2828
422
-1457
2150
2464
-738
-533
1193
-111
-351
704
-1871
-2830
-54
-1130
-2394
-2139
-1577
-1462
-2211
1776
-504
4
2842
1569
-2203
4562
5118
790
3484
1237
1329
2029
4195
1465
909
1914
45
243
2709
1218
-1105
-772
-726
-3244
-2486
-503
-3328
-2557
-1476
-2820
-2608
616
58
-2405
-2889
-36
-1278
98
2117
1926
718
2827
1979
-2
3142
1537
145
-471
2343
336
-1334
-1562
-1409
239
-216
512
-1966
-1150
-914
-1524
-914
207
2422
1587
825
2629
1220
2625
4878
2680
2288
2496
931
-1727
-270
3179
-265
2925
3165
-311
-974
1517
-983
-4282
-151
1263
-778
-2368
372
-936
684
1571
1013
-282
2032
2589
2777
4542
4538
4511
1346
4335
452
244
2665
1222
1729
669
765
-438
-96
2356
-1457
240
814
-559
-1520
-1159
740
-744
741
1849
76
-519
1591
2109
-570
3324
4781
1998
3598
2807
-73
301
3769
2613
2788
2716
1009
731
1478
2193
-1858
-2835
299
-2977
-441
1479
793
1039
-153
873
-3195
-2560
1187
-791
-2180
1480
-661
208
4282
3058
747
3357
4595
1534
2789
3020
-1311
-3489
2
-1310
-476
815
-1387
-3403
-2105
-772
-2604
-1143
2665
1520
1178
5803
1939
1087
1138
1938
690
422
1550
-2375
209
-34
-2510
-348
1569
497
-2896
-1101
-95
-1331
-1700
-1160
-754
-4127
-2166
-356
-906
-1689
-2289
-2179
-1857
2665
-1412
-1004
2685
1121
-140
3486
3969
878
3124
6368
2545
2124
3011
-1368
-2241
-2036
-3461
-4014
-1889
-1183
-6456
-3287
-1445
-1503
-1717
-1567
-199
-2280
307
103
413
3149
4044
226
-1320
971
696
-1248
293
2762
69
21
889
-991
-1991
-1754
-1296
-2221
256
-2612
-5562
-2286
-2767
-3310
-1116
-11
-2588
-2725
-396
-505
-2282
-930
-1257
-931
-269
-777
-1454
-1606
3009
411
-1105
755
1213
-1581
401
1903
-3115
-2902
194
-924
-5090
-1730
-3035
-3754
-767
873
-2632
-560
1984
-2519
-227
3708
3184
-973
-28
1857
-1276
807
-594
-2353
-719
240
-1182
-3574
-308
-1248
-4817
-1878
-1760
-2586
-844
2275
-1629
-2272
193
819
-616
709
1385
-1595
2139
3040
893
1592
69
721
-1973
958
2311
-1378
1635
1540
-233
-3224
-823
-1765
-2580
-2317
-2615
-2015
-1790
-1253
-2786
-2890
-141
-1265
-2972
-498
-514
-486
746
2883
1451
2397
1835
-1282
876
980
-2192
-1462
-2221
-2975
-4353
-3637
-614
-3761
-1524
684
-1380
-3208
-2155
-2125
-2476
991
-11
-250
2693
2670
-688
972
1803
-432
-717
1012
420
-1257
941
3142
-1211
-187
-1335
-3200
-3719
-2842
-1597
-3140
-3650
-1513
-3619
-3363
-1682
-1857
-1915
-359
1320
-3997
279
1014
-2398
1748
2788
1292
3312
4588
3683
3722
5539
2721
-1866
1625
2127
1144
-254
2873
3226
210
1080
589
-3379
-1641
1286
-508
757
1367
607
-1539
2548
3375
-1345
4499
5398
1850
2363
4175
2355
340
3634
3109
3849
2841
3783
958
1699
3854
-1159
148
100
-2445
-3011
2822
3511
-691
381
883
537
-799
3958
-966
166
3072
4583
2186
3808
3867
-780
2358
5481
2910
1860
4915
1322
-387
1688
682
-240
1591
478
-2651
-288
1129
-734
779
1613
459
-1056
658
2641
-1744
45
741
456
2310
1302
1174
841
3803
3373
428
249
-2059
-3524
-4881
-450
619
-1218
-679
-1180
-2737
-2297
-377
-1787
808
378
762
1363
3311
2315
-117
4450
1533
-1622
605
2441
1363
1211
1659
236
-314
2528
2084
-715
-210
1410
766
522
175
-2709
-1728
299
159
-923
-588
8
-2162
2170
1778
-180
-625
3935
1010
-299
3725
1156
-534
2109
2870
-1543
-2507
1616
-643
-3220
-207
-3726
-4298
-1380
-2770
-1120
-3595
-985
-3411
-2252
563
-3401
-2157
1772
2517
-514
296
323
360
1599
2627
-2052
-3628
-677
-294
695
1077
1407
-1695
-3048
-2598
-3861
-3833
-502
-27
-1448
-2346
-1741
-2236
-2096
682
-1439
-2316
30
-2429
-4197
223
1961
-2708
284
213
-3790
115
2266
-1918
-513
2749
1475
-2968
-1185
-1088
-4436
-1238
-718
-4837
-5356
-1723
-2997
-4659
-1772
-1478
-2288
-2433
393
-320
428
2106
452
-212
778
-581
-2779
1115
1894
-2151
-732
608
-1842
-3824
-2461
-1747
-3226
-1511
-922
-5876
-5196
-2774
-6005
-2772
1248
-1917
-3496
-301
124
-1375
-1628
-1317
-1409
-484
969
-237
-963
804
389
-543
372
1210
-2057
-2191
-1554
-3475
-4071
-2415
-3238
-3393
-3317
-4021
-4757
-1145
1591
482
2243
3259
-825
909
3183
2361
58
2873
3157
-2547
319
2414
-880
565
2912
595
-2314
-2566
-844
-1640
-2304
-1689
-1973
-3092
-748
-2572
-1609
-1521
-364
-918
-6
1804
-2057
1159
2693
1794
-1199
2250
1952
-43
5267
4031
1451
1669
1303
-286
-1066
1589
-439
-901
962
-1118
-3517
-1493
2256
262
1002
2516
999
-743
1913
1654
659
4582
5478
3563
5025
5215
71
358
5019
3194
1168
3225
761
-1910
-379
2030
-1547
-1347
301
-2028
-3171
-1325
555
-1793
-93
178
-3180
-805
2698
-327
1424
2387
1227
710
2412
1700
222
2544
3761
3246
900
1590
-879
-2976
1684
909
-438
2536
-293
-3689
-3157
1648
-1019
-1415
1363
744
-544
-153
2643
253
959
2311
1772
830
3156
2260
-1497
3418
775
-205
1156
-499
-473
-2807
-1337
-4054
-3446
-1285
-737
-932
-411
722
-107
1877
1766
677
862
4820
3936
-264
973
1929
1867
2095
3891
1984
738
4480
1836
2651
3089
3119
-1045
-1465
1445
-422
-983
-1741
-1595
-4879
-1891
-669
-1955
514
-837
623
937
2423
1285
2170
4638
1018
488
3235
3741
157
398
3223
-778
-609
1009
-3703
-2609
1517
263
-3866
-2256
444
-4437
-1148
-700
-2123
-1993
-287
-560
-1921
1891
3274
1300
2475
4836
1300
2685
4760
-654
1019
5408
4167
103
1949
681
-2767
